##;##
#2011-09-04 09:58:46
#GS-911 Mobile WM5 V1009.2
#F800GS
#BMS-KP2
Time (ms);RPM;Battery voltage( V)
323;1246.00;12.41
680;1244.00;12.41
1033;1192.00;12.31
1390;1200.00;12.31
1742;1223.00;12.41
2097;1243.00;12.41
2452;1192.00;12.31
2858;1267.00;12.41
3133;1314.00;12.41
3485;1800.00;12.41
3837;2060.00;12.50
4193;2218.00;12.31
4547;2323.00;12.60
4903;2458.00;12.50
5177;3335.00;12.50
5581;3986.00;12.60
5937;4064.00;12.60
6208;4063.00;12.60
6561;4018.00;12.69
6917;3984.00;12.69
7241;3941.00;12.69
7692;3910.00;12.69
8044;3887.00;12.69
8397;3951.00;12.69
8749;3938.00;12.69
9101;3413.00;12.69
9506;1693.00;12.69
9860;1323.00;12.60
10216;1281.00;12.50
10574;1244.00;12.50
10927;1274.00;12.50
11250;1273.00;12.31
11606;1252.00;12.50
12013;1207.00;12.50
12366;1263.00;12.41
12721;1219.00;12.41
13074;1262.00;12.41
13426;1186.00;12.31
13782;1220.00;12.41
14137;1232.00;12.41
14493;1260.00;12.22
14849;1243.00;12.31
15205;1269.00;12.12
15562;1227.00;12.31
15917;1272.00;12.31
16191;1207.00;12.31
16542;1272.00;12.31
16893;1250.00;12.31
17215;1188.00;12.31
17568;1247.00;12.31
18022;1246.00;12.12
18429;1253.00;12.31
18835;1242.00;12.12
19190;1166.00;12.31
19597;1227.00;12.22
19954;1274.00;12.31
20281;1210.00;12.31
20686;1291.00;12.31
21039;1229.00;12.31
21390;1250.00;12.22
21798;1261.00;12.31
22152;1278.00;12.31
22559;1243.00;12.31
22929;1252.00;12.12
23204;1210.00;12.22
23611;1204.00;12.31
23967;1229.00;12.31
24239;1263.00;12.22
24594;1233.00;12.31
24950;1269.00;12.22
25226;1247.00;12.41
25581;1264.00;12.31
25936;1211.00;12.31
26210;1231.00;12.31
26562;1252.00;12.31
26914;1199.00;12.31
27237;1237.00;12.31
27641;1221.00;12.31
27994;1240.00;12.31
28399;1253.00;12.41
28753;1268.00;12.31
29160;1242.00;12.31
29511;1222.00;12.41
29867;1246.00;12.31
30223;1238.00;12.22
30581;1253.00;12.31
30939;1255.00;12.31
31210;1209.00;12.41
31565;1270.00;12.31
31929;1263.00;12.31
32202;1253.00;12.31
32555;1236.00;12.41
32960;1265.00;12.22
33235;1148.00;12.31
33591;1209.00;12.31
33944;1244.00;12.31
34215;1202.00;12.31
34621;1253.00;12.41
34975;1197.00;12.31
35249;1260.00;12.41
35608;1243.00;12.41
35961;1236.00;12.22
36237;1272.00;12.31
36695;1263.00;12.22
37075;1219.00;12.31
