##;##
#2011-09-08 07:46:55
#GS-911 Mobile WM5 V1009.2
#F800GS
#BMS-KP2
Time (ms);Injection time( ms);Lambda control factor;Speed( km/h);RPM;Intake air temperature( °C);Engine temperature( °C);Ignition angle( °KW);Throttle valve position (TPS)( %);Engine load( %);Battery voltage( V);Knock sensor 1( V);Knock sensor 2( V);Ignition dwell time( ms);Odometer( km);Front wheel speed( km/h);Rear wheel speed( km/h);Idle actuator position( steps);Fuel pressure( mbar);Ambient air pressure( mbar);Lambda sensor voltage( mV);Gear position;Sidestand switch 1;Sidestand switch 2;Sidestand switch calculated;Clutch switch;Kill switch;Oil pressure switch;Start switch;Tank venting valve (US only);Secondary air valve;Engine over-temperature light;Actuation of starter relay;Lambda sensor heating;Fuel pump;Fan motor;Engine safety cut-out (of BMSK);Starter function (of BMSK);Starter safety cut-out (of BMSK);Engine warning light (MIL)
1385;1.24;1.00;0;1280.00;27.75;83.25;13.50;0;11.90;14.39;204.91;185.11;2.31;62790.00;0;0;43.00;4507.00;987.83;78.12;1;1;0;1;1;0;1;0;0;1;0;0;1;1;0;0;1;0;0
2843;1.38;1.00;0;1212.00;27.75;83.25;18.00;0;12.73;14.39;213.56;214.01;2.31;62790.00;0;0;43.00;4502.60;987.83;722.65;1;1;0;1;0;0;1;0;0;1;0;0;1;1;0;0;0;0;0
4303;1.37;1.00;0;1218.00;27.75;83.25;18.00;0;12.72;14.39;255.18;202.14;2.31;62790.00;0;0;43.00;4504.00;987.83;58.59;1;1;0;1;0;0;1;0;0;1;0;0;1;1;0;0;0;0;0
5617;1.39;1.02;0;1268.00;27.75;84.00;14.25;0;12.10;14.39;199.34;194.66;2.31;62790.00;0;0;43.00;4511.80;987.83;859.36;1;1;0;1;0;0;1;0;0;1;0;0;1;1;0;0;0;0;0
7043;1.34;0.97;0;1257.00;27.75;84.00;15.00;0;12.21;14.39;225.49;233.09;2.31;62790.00;0;0;44.00;4510.20;987.83;78.12;1;1;0;1;0;0;1;0;0;1;0;0;1;1;0;0;0;0;0
8382;1.42;1.01;0;1261.00;27.75;84.00;15.00;0;12.29;14.30;122.84;129.31;2.58;62790.00;0;0;44.00;4517.40;987.75;761.71;1;1;0;1;0;0;1;0;0;1;0;0;1;1;0;0;0;0;0
9669;1.36;0.98;0;1246.00;27.75;84.00;15.75;0;12.49;14.39;69.21;61.75;2.31;62790.00;0;0;44.00;4513.00;987.79;58.59;1;1;0;1;0;0;1;0;0;1;0;0;1;1;0;0;0;0;0
11073;1.42;1.00;0;1220.00;27.75;84.75;17.25;0;12.83;14.39;33.22;47.28;2.31;62790.00;0;0;46.00;4507.80;987.83;839.83;1;1;0;1;0;0;1;0;0;1;0;0;1;1;0;0;0;0;0
12499;1.53;0.99;0;1172.00;27.75;84.75;22.50;0;13.74;14.49;131.26;135.32;2.31;62790.00;0;0;48.00;4517.00;987.83;58.59;1;1;0;1;0;0;1;0;0;1;0;0;1;1;0;0;1;0;0
13991;1.46;1.03;0;1300.00;27.75;84.75;12.00;0;12.13;14.39;117.24;79.25;2.31;62790.00;0;0;45.00;4515.80;987.79;859.36;1;1;0;1;0;0;1;0;0;1;0;0;1;1;0;0;0;0;0
15439;1.41;1.00;0;1208.00;27.75;84.75;17.25;0;12.84;14.39;63.90;44.22;2.31;62790.00;0;0;44.00;4511.80;987.75;664.05;1;1;0;1;0;0;1;0;0;1;0;0;1;1;0;0;0;0;0
16709;1.36;0.98;0;1248.00;27.75;84.75;15.00;0;12.29;14.30;39.76;26.72;2.58;62790.00;0;0;44.00;4521.60;987.79;703.12;1;1;0;1;0;0;1;0;0;1;0;0;1;1;0;0;0;0;0
18105;1.45;1.01;0;1225.00;27.75;84.75;16.50;0;12.33;14.39;22.65;13.36;2.31;62790.00;0;0;44.00;4510.80;987.83;214.84;1;1;0;1;0;0;1;0;0;1;0;0;1;1;0;0;0;0;0
19500;1.42;1.00;0;1223.00;27.75;85.50;16.50;0;12.65;14.30;12.28;6.29;2.58;62790.00;0;0;45.00;4500.20;987.83;820.30;1;1;0;1;0;0;1;0;0;1;0;0;1;1;0;0;0;0;0
20948;1.38;0.96;0;1187.00;27.75;85.50;20.25;0;13.22;14.39;6.80;4.30;2.31;62790.00;0;0;45.00;4512.80;987.83;58.59;1;1;0;1;0;0;1;0;0;1;0;0;1;1;0;0;0;0;0
22388;1.36;1.00;0;1261.00;27.75;85.50;14.25;0;12.37;14.39;19.69;17.87;2.31;62790.00;0;0;45.00;4524.20;987.83;78.12;1;1;0;1;0;0;1;0;0;1;0;0;1;1;0;0;0;0;0
23812;1.43;1.00;0;1227.00;27.75;85.50;16.50;0;12.73;14.39;17.24;19.41;2.31;62790.00;0;0;46.00;4506.00;987.83;839.83;1;1;0;1;0;0;1;0;0;1;0;0;1;1;0;0;0;0;0
25241;3.38;0.98;0;1595.00;27.75;85.50;12.00;6.28;25.67;14.21;141.79;172.84;2.58;62790.00;0;0;50.00;4515.20;987.75;78.12;1;1;0;1;0;0;1;0;0;1;0;0;1;1;0;0;0;0;0
26621;1.56;1.01;21.00;2327.00;27.75;85.50;23.25;2.35;12.21;14.21;189.27;154.48;2.58;62790.00;22.00;21.00;50.00;4456.60;987.75;898.43;1;1;0;1;0;0;1;0;0;1;0;0;1;1;0;0;0;0;0
28171;1.62;0.97;26.00;2849.00;27.75;85.50;31.50;3.53;13.44;14.11;257.03;232.49;2.58;62790.00;26.00;26.00;50.00;4541.20;987.71;781.24;1;1;0;1;0;0;1;0;0;1;0;0;1;1;0;0;0;0;0
29531;2.07;1.00;28.00;3226.00;27.75;85.50;36.75;5.10;16.33;14.11;209.46;217.35;2.58;62790.00;29.00;29.00;50.00;4481.80;987.79;878.90;1;1;0;1;0;0;1;0;0;1;0;0;1;1;0;0;0;0;0
31004;0;1.00;37.00;3993.00;27.75;85.50;42.00;0;4.51;14.02;332.95;344.06;2.58;62790.00;36.00;37.00;50.00;4332.40;987.67;859.36;1;1;0;1;0;0;1;0;0;1;0;0;1;1;0;0;0;0;0
32412;3.56;1.01;46.00;3568.00;27.75;85.50;33.00;14.51;27.79;14.11;287.29;352.38;2.58;62790.00;45.00;46.00;50.00;4471.80;987.75;332.03;2.00;1;0;1;0;0;1;0;0;1;0;0;1;1;0;0;0;0;0
33736;3.85;0.99;57.00;4527.00;27.75;85.50;33.75;19.61;30.61;14.02;319.75;215.61;2.58;62790.00;57.00;58.00;50.00;4535.20;987.79;58.59;2.00;1;0;1;0;0;1;0;0;1;0;0;1;1;0;0;0;0;0
35148;2.36;1.00;62.00;3785.00;27.75;85.50;37.50;10.98;23.91;14.02;194.30;220.06;2.58;62790.00;61.00;62.00;50.00;4435.60;987.75;820.30;3.00;1;0;1;0;0;1;0;0;1;0;0;1;1;0;0;0;0;0
36577;3.01;1.00;67.00;3767.00;27.75;85.50;39.75;7.45;20.62;14.11;337.15;269.06;2.58;62790.00;66.00;67.00;50.00;4216.80;987.71;839.83;4.00;1;0;1;0;0;1;0;0;0;0;0;1;1;0;0;0;0;0
38017;2.30;0.92;72.00;3742.00;27.75;85.50;40.50;8.24;19.94;14.02;315.45;327.60;2.58;62790.00;71.00;72.00;50.00;4494.80;987.71;585.93;4.00;1;0;1;0;0;1;0;0;0;0;0;1;1;0;0;0;0;0
39398;1.22;1.00;72.00;3736.00;27.75;85.50;43.50;3.53;10.00;14.11;302.11;316.84;2.58;62790.00;72.00;72.00;50.00;4483.60;987.79;878.90;4.00;1;0;1;0;0;1;0;0;0;0;0;1;1;0;0;0;0;0
40668;1.74;1.00;71.00;3294.00;27.75;84.75;35.25;4.31;13.29;14.11;189.52;283.79;2.58;62790.00;71.00;72.00;51.00;4273.60;987.83;859.36;5.00;1;0;1;0;0;1;0;0;0;0;0;1;1;0;0;0;0;0
42125;0.88;0.95;72.00;3208.00;27.75;84.75;37.50;1.57;7.78;14.02;326.78;352.95;2.58;62790.00;73.00;72.00;51.00;4518.40;987.83;58.59;5.00;1;0;1;0;0;1;0;0;0;0;0;1;1;0;0;0;0;0
43547;0.60;1.00;70.00;3238.00;27.75;84.75;-30.00;0;0;14.11;325.94;342.69;2.58;62790.00;70.00;70.00;51.00;4530.60;987.83;0;5.00;1;0;1;0;0;1;0;0;0;0;0;1;1;0;0;0;0;0
44924;0.66;1.00;63.00;2935.00;27.75;84.00;-30.00;0;0;14.11;224.93;209.67;2.58;62790.00;63.00;64.00;51.00;4606.20;987.83;0;5.00;1;0;1;0;0;1;0;0;0;0;0;1;1;0;0;0;0;0
46311;1.37;1.00;56.00;2549.00;27.75;84.00;3.00;0;0;14.11;185.71;183.80;2.58;62790.00;56.00;56.00;51.00;4358.80;988.02;19.53;5.00;1;0;1;0;0;1;0;0;1;0;0;1;1;0;0;0;0;0
47719;1.37;1.01;41.00;1377.00;27.75;84.00;16.50;0;12.83;14.30;137.69;98.67;2.58;62790.00;41.00;41.00;46.00;4461.40;988.33;664.05;4.00;1;0;1;0;0;1;0;0;1;0;0;1;1;0;0;0;0;0
49202;1.38;1.00;33.00;1417.00;27.75;83.25;15.00;0;12.56;14.30;118.51;151.59;2.58;62790.00;34.00;33.00;47.00;4494.20;988.80;800.77;3.00;1;0;1;0;0;1;0;0;1;0;0;1;1;0;0;0;0;0
50645;5.97;1.00;31.00;1878.00;27.75;83.25;-6.75;10.98;25.65;14.30;78.76;118.04;2.58;62790.00;31.00;31.00;52.00;4541.80;988.96;292.97;3.00;1;0;1;0;0;1;0;0;1;0;0;1;1;0;0;0;0;0
52081;1.72;0.97;35.00;2780.00;27.75;83.25;30.00;3.53;14.07;14.11;20.10;29.10;2.58;62790.00;35.00;35.00;52.00;4524.20;989.00;839.83;2.00;1;0;1;0;0;1;0;0;1;0;0;1;1;0;0;0;0;0
53492;3.47;1.00;42.00;3294.00;27.75;83.25;32.25;12.94;27.14;14.21;2.70;3.96;2.58;62790.00;41.00;42.00;52.00;4496.20;989.04;761.71;2.00;1;0;1;0;0;1;0;0;1;0;0;1;1;0;0;0;0;0
54925;2.81;0.98;50.00;3058.00;27.75;82.50;34.50;7.84;22.22;14.11;0.55;1.50;2.58;62790.00;49.00;50.00;52.00;4303.60;989.50;742.18;3.00;1;0;1;0;0;1;0;0;1;0;0;1;1;0;0;0;0;0
56357;2.54;0.96;56.00;3451.00;27.75;82.50;38.25;7.84;21.62;14.11;0;1.60;2.58;62790.00;56.00;56.00;52.00;4627.20;989.50;19.53;3.00;1;0;1;0;0;1;0;0;1;0;0;1;1;0;0;0;0;0
57594;0.81;1.00;56.00;2926.00;27.75;82.50;-30.00;0;0;14.11;0;2.32;2.58;62790.00;56.00;56.00;52.00;4339.20;989.66;0;4.00;1;0;1;0;0;1;0;0;1;0;0;1;1;0;0;0;0;0
59061;0.73;1.00;52.00;2726.00;27.75;82.50;-30.00;0;0;14.21;0;1.80;2.58;62790.00;53.00;52.00;52.00;4390.60;989.66;0;4.00;1;0;1;0;0;1;0;0;1;0;0;1;1;0;0;0;0;0
60445;0.79;1.00;51.00;2629.00;27.75;82.50;-30.00;0;0;14.11;1.66;0.25;2.58;62790.00;51.00;51.00;52.00;4384.20;990.05;0;4.00;1;0;1;0;0;1;0;0;1;0;0;1;1;0;0;0;0;0
61769;0.79;1.00;50.00;2593.00;27.75;82.50;-30.00;0;0;14.11;0.82;0;2.58;62790.00;50.00;50.00;52.00;4373.20;990.17;0;4.00;1;0;1;0;0;1;0;0;1;0;0;1;1;0;0;0;0;0
63153;0.89;1.00;50.00;2572.00;27.75;82.50;15.00;0;12.78;14.11;0;0.57;2.58;62790.00;50.00;50.00;52.00;4396.60;990.25;39.06;4.00;1;0;1;0;0;1;0;0;1;0;0;1;1;0;0;0;0;0
64553;0.90;1.00;48.00;2512.00;27.75;81.75;15.00;0;12.88;14.11;0;1.95;2.58;62790.00;48.00;49.00;53.00;4506.00;990.29;39.06;4.00;1;0;1;0;0;1;0;0;1;0;0;0;1;0;0;0;0;0
65976;0.88;1.00;48.00;2516.00;27.75;81.75;15.00;0;12.86;14.11;1.64;3.42;2.58;62790.00;49.00;49.00;53.00;4510.80;990.36;58.59;4.00;1;0;1;0;0;1;0;0;1;0;0;1;1;0;0;0;0;0
67435;0.85;1.00;47.00;2503.00;27.75;81.75;15.00;0;12.78;14.11;0.88;1.68;2.58;62790.00;48.00;48.00;53.00;4512.20;990.68;39.06;4.00;1;0;1;0;0;1;0;0;1;0;0;1;1;0;0;0;0;0
68749;0.86;1.00;47.00;2480.00;27.75;81.75;15.75;0;12.76;14.11;9.06;29.59;2.58;62791.00;48.00;48.00;51.00;4523.60;990.95;39.06;4.00;1;0;1;0;0;1;0;0;1;0;0;1;1;0;0;0;0;0
70169;0.84;1.00;47.00;2470.00;27.75;81.75;16.50;0;12.76;14.11;21.64;61.99;2.58;62791.00;48.00;47.00;50.00;4514.20;991.22;39.06;4.00;1;0;1;0;0;1;0;0;1;0;0;1;1;0;0;0;0;0
71686;1.75;1.00;48.00;2522.00;27.75;81.75;26.25;2.75;13.74;14.11;18.42;24.96;2.58;62791.00;48.00;49.00;53.00;4516.20;991.38;898.43;4.00;1;0;1;0;0;1;0;0;1;0;0;1;1;0;0;0;0;0
73058;0.88;1.00;51.00;2711.00;27.75;81.75;15.75;0;12.95;14.02;4.51;6.02;2.58;62791.00;51.00;51.00;53.00;4539.20;991.46;39.06;4.00;1;0;1;0;0;1;0;0;1;0;0;1;1;0;0;0;0;0
74468;0.86;1.00;50.00;2616.00;27.75;81.75;15.00;0;12.75;14.11;1.43;1.15;2.58;62791.00;49.00;50.00;53.00;4491.60;991.50;39.06;4.00;1;0;1;0;0;1;0;0;1;0;0;1;1;0;0;0;0;0
75840;2.36;1.00;48.00;2642.00;27.75;81.75;0.75;5.10;10.85;14.11;0.84;1.33;2.58;62791.00;49.00;49.00;53.00;4490.80;991.54;859.36;4.00;1;0;1;0;0;1;0;0;1;0;0;1;1;0;0;0;0;0
77267;0.86;1.00;50.00;2550.00;27.75;81.75;15.75;0;12.97;14.11;1.05;1.52;2.58;62791.00;50.00;50.00;53.00;4529.60;991.93;58.59;4.00;1;0;1;0;0;1;0;0;1;0;0;1;1;0;0;0;0;0
78674;0.84;1.00;47.00;2479.00;27.75;81.75;16.50;0;12.87;14.11;0.02;4.65;2.58;62791.00;47.00;47.00;50.00;4492.60;992.16;39.06;4.00;1;0;1;0;0;1;0;0;1;0;0;1;1;0;0;0;0;0
80128;0.98;1.00;40.00;2106.00;27.75;81.75;15.00;0;12.79;14.21;3.36;15.84;2.58;62791.00;39.00;40.00;48.00;4539.60;992.36;39.06;4.00;1;0;1;0;0;1;0;0;1;0;0;1;1;0;0;0;0;0
81555;1.46;1.00;26.00;1405.00;27.75;81.75;15.75;0;12.78;14.39;7.71;8.75;2.31;62791.00;26.00;26.00;47.00;4494.60;992.59;898.43;4.00;1;0;1;0;0;1;0;0;1;0;0;1;1;0;0;0;0;0
83038;1.37;0.96;17.00;1312.00;27.75;81.75;14.25;0;12.62;14.39;97.85;91.13;2.31;62791.00;18.00;18.00;47.00;4509.00;992.71;839.83;4.00;1;0;1;0;0;1;0;0;1;0;0;1;1;0;0;0;0;0
84540;1.35;0.91;15.00;1358.00;27.75;81.75;15.00;0;12.74;14.39;108.82;63.51;2.31;62791.00;15.00;15.00;47.00;4505.40;992.75;722.65;4.00;1;0;1;0;0;1;0;0;1;0;0;1;1;0;0;0;0;0
85938;1.35;0.93;15.00;1285.00;27.75;81.75;14.25;0;12.69;14.39;89.62;47.30;2.31;62791.00;16.00;16.00;49.00;4529.00;992.75;58.59;3.00;1;0;1;1;0;1;0;0;1;0;0;1;1;0;0;0;0;0
87382;1.40;0.94;17.00;1333.00;27.75;81.75;14.25;0;12.67;14.39;58.12;24.06;2.31;62791.00;17.00;17.00;47.00;4505.40;992.75;917.96;2.00;1;0;1;0;0;1;0;0;1;0;0;1;1;0;0;0;0;0
88795;2.14;1.00;23.00;1831.00;27.75;81.75;10.50;2.75;14.52;14.30;27.42;18.20;2.58;62791.00;23.00;23.00;53.00;4507.60;992.75;39.06;2.00;1;0;1;0;0;1;0;0;1;0;0;1;1;0;0;0;0;0
90174;1.02;1.00;25.00;1988.00;27.75;81.75;15.00;0;12.79;14.11;10.37;8.38;2.58;62791.00;26.00;26.00;48.00;4518.60;992.75;39.06;2.00;1;0;1;0;0;1;0;0;1;0;0;1;1;0;0;0;0;0
91580;1.06;1.00;23.00;1892.00;27.75;82.50;15.75;0;12.73;14.21;4.41;7.19;2.58;62791.00;24.00;24.00;47.00;4511.00;992.75;58.59;2.00;1;0;1;0;0;1;0;0;1;0;0;1;1;0;0;0;0;0
93043;1.13;1.00;22.00;1764.00;27.75;82.50;15.00;0;12.61;14.21;13.81;68.24;2.58;62791.00;23.00;23.00;46.00;4517.00;992.75;468.74;2.00;1;0;1;0;0;1;0;0;1;0;0;1;1;0;0;0;0;0
94525;1.70;0.98;22.00;1773.00;27.75;82.50;9.00;1.57;11.38;14.21;143.47;162.43;2.58;62791.00;23.00;22.00;52.00;4518.20;992.83;39.06;2.00;1;0;1;0;0;1;0;0;1;0;0;1;1;0;0;0;0;0
95951;1.08;1.00;23.00;1862.00;27.75;83.25;14.25;0;12.70;14.30;47.46;62.91;2.58;62791.00;24.00;24.00;47.00;4508.00;992.90;644.52;2.00;1;0;1;0;0;1;0;0;1;0;0;1;1;0;0;0;0;0
97388;1.12;1.00;23.00;1786.00;27.75;83.25;14.25;0;12.70;14.21;120.32;51.07;2.58;62791.00;23.00;23.00;46.00;4523.20;992.98;878.90;2.00;1;0;1;0;0;1;0;0;1;0;0;1;1;0;0;0;0;0
98728;1.11;0.98;22.00;1721.00;27.75;83.25;15.00;0;12.61;14.30;83.51;53.47;2.58;62791.00;22.00;22.00;46.00;4506.60;993.45;878.90;2.00;1;0;1;0;0;1;0;0;1;0;0;1;1;0;0;0;0;0
100076;1.46;0.93;21.00;1613.00;27.75;83.25;13.50;0.39;12.32;14.21;150.65;91.38;2.58;62791.00;21.00;21.00;52.00;4518.00;993.68;78.12;2.00;1;0;1;0;0;1;0;0;1;0;0;1;1;0;0;0;0;0
101561;1.43;0.97;22.00;1722.00;27.75;83.25;13.50;1.18;10.80;14.30;59.35;35.29;2.58;62791.00;22.00;22.00;52.00;4503.00;993.84;39.06;2.00;1;0;1;0;0;1;0;0;1;0;0;1;1;0;0;0;0;0
102834;2.89;1.00;27.00;2104.00;27.75;84.00;19.50;5.88;21.36;14.21;120.95;170.07;2.58;62791.00;27.00;27.00;51.00;4433.20;993.92;859.36;2.00;1;0;1;0;0;1;0;0;1;0;0;1;1;0;0;0;0;0
104343;2.88;1.00;35.00;2710.00;27.75;84.00;29.25;7.84;22.85;14.11;209.48;158.00;2.58;62791.00;34.00;35.00;51.00;4538.00;993.96;859.36;2.00;1;0;1;0;0;1;0;0;1;0;0;1;1;0;0;0;0;0
105677;2.93;0.94;42.00;3356.00;27.75;84.00;36.75;7.84;25.22;14.11;222.60;222.94;2.58;62791.00;42.00;43.00;51.00;4650.20;993.96;898.43;2.00;1;0;1;0;0;1;0;0;1;0;0;1;1;0;0;0;0;0
107150;2.24;0.96;47.00;2946.00;27.75;84.00;33.00;5.49;18.46;14.11;338.90;331.99;2.58;62791.00;48.00;48.00;51.00;4453.60;994.00;820.30;3.00;1;0;1;0;0;1;0;0;1;0;0;1;1;0;0;0;0;0
108557;0.72;1.00;46.00;2851.00;27.75;84.00;-30.00;0;0;14.02;266.45;298.71;2.58;62791.00;45.00;46.00;51.00;4542.00;994.00;0;3.00;1;0;1;0;0;1;0;0;1;0;0;1;1;0;0;0;0;0
110037;2.18;1.00;47.00;2893.00;27.75;83.25;15.00;4.71;13.21;14.11;189.89;259.50;2.58;62791.00;46.00;48.00;52.00;4351.40;993.92;859.36;3.00;1;0;1;0;0;1;0;0;1;0;0;1;1;0;0;0;0;0
111499;1.26;0.93;51.00;3122.00;27.75;83.25;35.25;2.75;10.78;14.02;34.24;40.92;2.58;62791.00;51.00;51.00;52.00;4534.20;993.96;839.83;3.00;1;0;1;0;0;1;0;0;1;0;0;1;1;0;0;0;0;0
112827;0.79;0.94;51.00;3140.00;27.75;83.25;36.00;0.78;6.59;14.11;4.69;8.87;2.58;62791.00;51.00;51.00;52.00;4509.40;994.00;19.53;3.00;1;0;1;0;0;1;0;0;1;0;0;1;1;0;0;0;0;0
114176;0.92;0.98;50.00;3041.00;27.75;83.25;34.50;0.39;9.64;14.11;2.56;1.43;2.58;62791.00;50.00;50.00;52.00;4513.60;994.00;78.12;3.00;1;0;1;0;0;1;0;0;1;0;0;1;1;0;0;0;0;0
115626;0.95;0.98;48.00;2987.00;27.75;82.50;33.75;0.39;9.82;14.11;0.51;0.02;2.58;62791.00;49.00;49.00;52.00;4503.00;994.11;781.24;3.00;1;0;1;0;0;1;0;0;1;0;0;1;1;0;0;0;0;0
117059;1.59;1.00;46.00;2957.00;27.75;82.50;21.00;2.75;10.47;14.02;0.76;0;2.58;62791.00;46.00;47.00;52.00;4254.80;994.35;898.43;3.00;1;0;1;0;0;1;0;0;1;0;0;1;1;0;0;0;0;0
118566;0.74;1.00;46.00;2827.00;27.75;82.50;-30.00;0;0;14.11;1.27;2.89;2.58;62791.00;47.00;46.00;52.00;4488.60;994.78;0;3.00;1;0;1;0;0;1;0;0;1;0;0;1;1;0;0;0;0;0
119920;0.75;1.00;42.00;2622.00;27.75;82.50;-30.00;0;0;14.11;2.03;1.50;2.58;62791.00;43.00;43.00;52.00;4472.60;994.93;19.53;3.00;1;0;1;0;0;1;0;0;1;0;0;1;1;0;0;0;0;0
121493;0.94;1.00;36.00;2246.00;27.75;82.50;15.75;0;12.73;14.11;10.21;1.80;2.58;62791.00;36.00;36.00;47.00;4449.00;995.09;39.06;3.00;1;0;1;0;0;1;0;0;1;0;0;1;1;0;0;0;0;0
122870;1.11;1.00;28.00;1798.00;27.75;82.50;14.25;0;12.70;14.30;60.58;88.49;2.58;62791.00;29.00;29.00;46.00;4446.80;995.17;917.96;3.00;1;0;1;0;0;1;0;0;1;0;0;1;1;0;0;0;0;0
124328;2.42;1.00;30.00;2388.00;27.75;82.50;0;4.71;11.24;14.11;59.55;45.95;2.58;62791.00;30.00;30.00;52.00;4461.60;995.21;839.83;2.00;1;0;1;0;0;1;0;0;1;0;0;1;1;0;0;0;0;0
125655;1.89;0.98;32.00;2563.00;27.75;82.50;18.00;3.53;13.73;14.21;13.46;9.82;2.58;62791.00;32.00;33.00;52.00;4525.20;995.25;917.96;2.00;1;0;1;0;0;1;0;0;1;0;0;1;1;0;0;0;0;0
127098;3.85;0.95;42.00;3344.00;27.75;82.50;29.25;16.08;29.59;14.11;2.21;1.60;2.58;62791.00;42.00;43.00;52.00;4536.60;995.25;859.36;2.00;1;0;1;0;0;1;0;0;1;0;0;1;1;0;0;0;0;0
128525;3.47;0.98;53.00;3256.00;27.75;82.50;30.00;14.51;28.34;14.02;1.19;0.39;2.58;62791.00;53.00;53.00;52.00;4510.20;995.29;605.46;3.00;1;0;1;0;0;1;0;0;1;0;0;1;1;0;0;0;0;0
129802;1.96;1.00;62.00;2922.00;27.75;82.50;29.25;3.14;11.28;14.11;2.40;2.38;2.58;62791.00;63.00;62.00;52.00;4282.00;995.52;859.36;4.00;1;0;1;0;0;1;0;0;0;0;0;1;1;0;0;0;0;0
131190;0.99;0.98;63.00;3272.00;27.75;82.50;37.50;1.96;8.28;14.11;1.19;1.19;2.58;62791.00;63.00;64.00;52.00;4465.20;995.83;703.12;4.00;1;0;1;0;0;1;0;0;0;0;0;1;1;0;0;0;0;0
132612;1.22;0.97;66.00;3329.00;27.75;82.50;39.00;3.14;10.56;14.11;0.33;0.55;2.58;62791.00;66.00;66.00;52.00;4523.20;996.11;742.18;4.00;1;0;1;0;0;1;0;0;0;0;0;1;1;0;0;0;0;0
134043;0.48;1.00;67.00;3452.00;27.75;82.50;40.50;0;9.81;14.11;1.23;0;2.58;62791.00;67.00;67.00;52.00;4359.60;996.34;58.59;4.00;1;0;1;0;0;1;0;0;0;0;0;1;1;0;0;0;0;0
135349;0.75;1.00;66.00;3111.00;27.75;82.50;35.25;0.39;6.34;14.11;0.94;0;2.58;62791.00;66.00;67.00;52.00;4381.00;996.42;742.18;5.00;1;0;1;0;0;1;0;0;0;0;0;0;1;0;0;0;0;0
136723;0.74;0.99;66.00;3068.00;27.75;81.75;35.25;0.39;8.96;14.11;1.56;2.73;2.58;62791.00;67.00;67.00;53.00;4509.40;996.46;58.59;5.00;1;0;1;0;0;1;0;0;0;0;0;1;1;0;0;0;0;0
138119;0.90;1.03;66.00;3003.00;27.75;81.75;34.50;0.39;9.00;14.11;0.16;0.31;2.58;62791.00;66.00;66.00;53.00;4504.20;996.65;878.90;5.00;1;0;1;0;0;1;0;0;0;0;0;1;1;0;0;0;0;0
139488;0.70;1.00;65.00;2959.00;27.75;81.75;-30.00;0;0;14.11;0;0.33;2.58;62791.00;65.00;65.00;53.00;4552.40;997.08;0;5.00;1;0;1;0;0;1;0;0;0;0;0;1;1;0;0;0;0;0
140850;0.70;1.00;62.00;2890.00;27.75;81.75;-30.00;0;0;14.21;2.36;0.59;2.58;62791.00;63.00;62.00;53.00;4564.40;997.47;19.53;5.00;1;0;1;0;0;1;0;0;0;0;0;1;1;0;0;0;0;0
142367;0.73;1.00;60.00;2740.00;27.75;81.75;-30.00;0;0;14.11;0.88;0;2.58;62791.00;60.00;59.00;53.00;4585.60;997.71;19.53;5.00;1;0;1;0;0;1;0;0;0;0;0;1;1;0;0;0;0;0
143673;0.76;1.00;56.00;2587.00;27.75;81.75;-30.00;0;0;14.21;0;0;2.58;62791.00;56.00;56.00;53.00;4514.80;998.02;19.53;5.00;1;0;1;0;0;1;0;0;1;0;0;1;1;0;0;0;0;0
145070;0.88;1.00;51.00;2374.00;27.75;81.75;15.75;0;12.81;14.11;1.39;5.70;2.58;62791.00;51.00;51.00;47.00;4428.80;998.37;39.06;5.00;1;0;1;0;0;1;0;0;1;0;0;1;1;0;0;0;0;0
146503;0.89;1.00;47.00;2476.00;27.75;81.75;15.00;0;12.87;14.21;13.98;8.34;2.58;62791.00;47.00;47.00;51.00;4465.40;998.68;58.59;4.00;1;0;1;0;0;1;0;0;1;0;0;1;1;0;0;0;0;0
147853;0.88;1.00;41.00;2550.00;27.75;81.75;15.00;0;12.89;14.11;36.99;21.40;2.58;62791.00;42.00;41.00;53.00;4482.60;998.84;58.59;3.00;1;0;1;0;0;1;0;0;1;0;0;1;1;0;0;0;0;0
149329;0.97;1.00;33.00;2107.00;27.75;81.75;15.00;0;12.79;14.21;17.28;7.73;2.58;62791.00;34.00;34.00;48.00;4540.20;998.88;39.06;3.00;1;0;1;0;0;1;0;0;1;0;0;1;1;0;0;0;0;0
150733;1.58;1.00;31.00;2066.00;27.75;81.75;10.50;1.96;11.31;14.21;13.26;10.55;2.58;62791.00;32.00;32.00;53.00;4517.20;998.92;78.12;3.00;1;0;1;0;0;1;0;0;1;0;0;1;1;0;0;0;0;0
152113;1.07;1.00;30.00;1861.00;27.75;81.75;15.00;0;12.75;14.21;76.83;91.54;2.58;62791.00;30.00;30.00;47.00;4504.20;998.92;839.83;3.00;1;0;1;0;0;1;0;0;1;0;0;1;1;0;0;0;0;0
153485;1.67;1.00;31.00;1931.00;27.75;81.75;15.75;1.96;12.42;14.21;45.74;67.89;2.58;62791.00;31.00;31.00;53.00;4519.80;999.08;58.59;3.00;1;0;1;0;0;1;0;0;1;0;0;1;1;0;0;0;0;0
154816;2.97;1.00;33.00;2132.00;27.75;81.75;19.50;5.88;21.18;14.21;13.24;19.41;2.58;62792.00;34.00;34.00;53.00;4447.00;999.62;917.96;3.00;1;0;1;0;0;1;0;0;1;0;0;1;1;0;0;0;0;0
156295;4.16;0.99;46.00;2858.00;27.75;81.75;23.25;19.22;33.52;14.11;2.71;6.48;2.58;62792.00;46.00;47.00;53.00;4555.20;999.74;156.25;3.00;1;0;1;0;0;1;0;0;1;0;0;1;1;0;0;0;0;0
157752;4.06;0.99;62.00;3807.00;27.75;81.75;29.25;19.61;32.85;14.02;0.55;0.88;2.58;62792.00;62.00;62.00;53.00;4453.80;999.90;898.43;3.00;1;0;1;0;0;1;0;0;0;0;0;1;1;0;0;0;0;0
159189;2.22;0.99;67.00;3527.00;27.75;82.50;40.50;6.28;17.96;14.11;1.76;1.35;2.58;62792.00;67.00;68.00;52.00;4466.60;1000.01;839.83;4.00;1;0;1;0;0;1;0;0;0;0;0;1;1;0;0;0;0;0
160629;0.60;1.00;65.00;3405.00;27.75;82.50;-30.00;0;0;14.11;1.05;2.25;2.58;62792.00;65.00;65.00;52.00;4483.40;1000.13;0;4.00;1;0;1;0;0;1;0;0;0;0;0;1;1;0;0;0;0;0
162029;0.75;1.00;53.00;2761.00;27.75;82.50;-30.00;0;0;14.02;1.11;0.18;2.58;62792.00;52.00;53.00;52.00;4507.00;1000.09;0;4.00;1;0;1;0;0;1;0;0;1;0;0;1;1;0;0;0;0;0
163422;0.58;1.00;40.00;2402.00;27.75;82.50;15.75;0;12.80;14.21;8.16;5.84;2.58;62792.00;40.00;40.00;51.00;4430.80;1000.13;156.25;3.00;1;0;1;0;0;1;0;0;1;0;0;1;1;0;0;0;0;0
164796;0.98;1.00;31.00;2032.00;27.75;82.50;15.00;0;12.73;14.21;47.81;54.94;2.58;62792.00;32.00;32.00;48.00;4461.00;1000.17;703.12;2.00;1;0;1;0;0;1;0;0;1;0;0;1;1;0;0;0;0;0
166197;1.09;1.00;23.00;1866.00;27.75;82.50;14.25;0;12.77;14.21;114.58;74.82;2.58;62792.00;24.00;24.00;47.00;4516.40;1000.17;58.59;2.00;1;0;1;0;0;1;0;0;1;0;0;1;1;0;0;0;0;0
167671;1.15;0.99;22.00;1707.00;27.75;82.50;15.00;0;12.71;14.21;105.52;112.73;2.58;62792.00;22.00;22.00;46.00;4508.60;1000.17;878.90;2.00;1;0;1;0;0;1;0;0;1;0;0;1;1;0;0;0;0;0
169136;2.86;1.00;22.00;2023.00;27.75;82.50;12.00;4.71;17.52;14.21;54.47;173.86;2.58;62792.00;22.00;22.00;52.00;4479.40;1000.29;820.30;2.00;1;0;1;0;0;1;0;0;1;0;0;1;1;0;0;0;0;0
170531;3.42;0.99;28.00;2433.00;27.75;83.25;24.75;8.24;24.21;14.11;16.09;66.03;2.58;62792.00;28.00;29.00;52.00;4427.20;1000.44;878.90;2.00;1;0;1;0;0;1;0;0;1;0;0;1;1;0;0;0;0;0
171871;6.89;1.03;50.00;3906.00;27.75;83.25;13.50;41.18;47.03;13.92;7.85;9.73;2.82;62792.00;49.00;50.00;52.00;4691.20;1000.83;839.83;2.00;1;0;1;0;0;1;0;0;1;0;0;1;1;0;0;0;0;0
173310;5.62;1.00;71.00;4361.00;27.75;83.25;23.25;29.02;40.02;14.02;0.31;0.88;2.58;62792.00;69.00;72.00;52.00;4586.00;1000.87;273.43;3.00;1;0;1;0;0;1;0;0;1;0;0;1;1;0;0;0;0;0
174723;1.74;1.00;82.00;4285.00;27.75;83.25;48.00;6.67;10.29;14.11;0;0;2.58;62792.00;81.00;83.00;52.00;4545.40;1000.83;761.71;3.00;1;0;1;0;0;1;0;0;0;0;0;1;1;0;0;0;0;0
176150;3.03;0.95;88.00;4110.00;27.75;83.25;37.50;12.94;25.21;14.02;2.52;0;2.58;62792.00;88.00;89.00;52.00;4531.80;1000.87;78.12;5.00;1;0;1;0;0;1;0;0;0;0;0;1;1;0;0;0;0;0
177529;0.75;1.00;88.00;4102.00;27.75;83.25;46.50;1.57;6.13;14.11;0.55;2.56;2.58;62792.00;89.00;89.00;52.00;4440.20;1000.99;898.43;5.00;1;0;1;0;0;1;0;0;0;0;0;1;1;0;0;0;0;0
178873;0.51;1.00;82.00;3805.00;27.75;83.25;-30.00;0;0;14.11;0.25;1.87;2.58;62792.00;83.00;82.00;52.00;4540.20;1001.26;0;5.00;1;0;1;0;0;1;0;0;0;0;0;1;1;0;0;0;0;0
180249;0.59;1.00;76.00;3493.00;27.75;83.25;-30.00;0;0;14.02;0.20;2.83;2.58;62792.00;76.00;76.00;52.00;4576.40;1001.34;0;5.00;1;0;1;0;0;1;0;0;0;0;0;1;1;0;0;0;0;0
181639;0.70;1.00;65.00;3008.00;27.75;83.25;-30.00;0;0;14.21;3.24;2.25;2.58;62792.00;66.00;65.00;52.00;4591.40;1001.38;0;5.00;1;0;1;0;0;1;0;0;0;0;0;1;1;0;0;0;0;0
182980;1.13;1.00;51.00;2367.00;27.75;83.25;9.00;0;12.63;14.11;8.03;0.88;2.58;62792.00;50.00;51.00;66.00;4244.60;1001.42;19.53;5.00;1;0;1;0;0;1;0;0;1;0;0;1;1;0;0;0;0;0
184446;1.40;1.01;38.00;1427.00;27.75;83.25;15.00;0;12.55;14.30;73.63;38.34;2.58;62792.00;38.00;38.00;45.00;4497.00;1001.42;898.43;4.00;1;0;1;0;0;1;0;0;1;0;0;1;1;0;0;0;0;0
185937;2.08;0.98;38.00;2042.00;27.75;83.25;9.75;3.14;13.65;14.11;25.92;12.58;2.58;62792.00;39.00;38.00;52.00;4517.20;1001.77;117.19;4.00;1;0;1;0;0;1;0;0;1;0;0;1;1;0;0;0;0;0
187368;2.00;0.98;41.00;2141.00;27.75;83.25;20.25;3.14;15.41;14.21;7.07;3.71;2.58;62792.00;41.00;42.00;52.00;4492.00;1002.32;859.36;4.00;1;0;1;0;0;1;0;0;1;0;0;1;1;0;0;0;0;0
188743;1.81;0.96;43.00;2291.00;27.75;83.25;21.75;3.14;14.47;14.21;3.46;0.88;2.58;62792.00;44.00;44.00;52.00;4464.60;1002.51;820.30;4.00;1;0;1;0;0;1;0;0;1;0;0;1;1;0;0;0;0;0
190145;1.70;0.94;46.00;2403.00;27.75;83.25;24.00;2.75;14.11;14.21;0.64;0.66;2.58;62792.00;46.00;46.00;52.00;4559.60;1002.59;78.12;4.00;1;0;1;0;0;1;0;0;1;0;0;1;1;0;0;0;0;0
191599;0.90;1.00;43.00;2300.00;27.75;83.25;15.75;0;12.68;14.11;64.68;49.80;2.58;62792.00;44.00;44.00;46.00;4539.80;1002.63;19.53;4.00;1;0;1;0;0;1;0;0;1;0;0;1;1;0;0;0;0;0
192923;1.10;1.00;33.00;1821.00;27.75;83.25;14.25;0;12.65;14.21;75.89;111.22;2.58;62792.00;34.00;34.00;45.00;4534.00;1002.63;58.59;4.00;1;0;1;0;0;1;0;0;1;0;0;1;1;0;0;1;0;0
194349;1.41;0.99;22.00;1315.00;27.75;83.25;14.25;0;12.51;14.39;40.23;58.92;2.31;62792.00;23.00;23.00;46.00;4506.80;1002.63;878.90;4.00;1;0;1;1;0;1;0;0;1;0;0;1;1;0;0;1;0;0
195826;1.33;0.95;15.00;1317.00;27.75;83.25;14.25;0;12.53;14.39;70.68;54.61;2.31;62792.00;15.00;15.00;46.00;4516.00;1002.63;839.83;4.00;1;0;1;1;0;1;0;0;1;0;0;1;1;0;0;1;0;0
197219;1.32;0.91;10.00;1267.00;27.75;83.25;14.25;0;12.54;14.39;120.38;114.91;2.31;62792.00;11.00;11.00;46.00;4535.20;1002.63;39.06;3.00;1;0;1;1;0;1;0;0;1;0;0;1;1;0;0;1;0;0
198667;1.42;0.95;8.00;1283.00;27.75;84.00;13.50;0;12.39;14.49;98.27;103.55;2.31;62792.00;8.00;8.00;45.00;4519.80;1002.63;214.84;0;1;0;1;0;0;1;0;0;1;0;0;1;1;0;0;0;0;0
200082;1.46;0.95;7.00;1269.00;27.75;84.00;14.25;0;12.47;14.39;42.20;44.47;2.31;62792.00;8.00;8.00;46.00;4500.40;1002.63;820.30;1;1;0;1;0;0;1;0;0;1;0;0;1;1;0;0;0;0;0
201492;1.38;0.93;6.00;1267.00;27.75;84.00;14.25;0;12.43;14.39;25.06;21.19;2.31;62792.00;6.00;6.00;44.00;4494.60;1002.63;39.06;1;1;0;1;0;0;1;0;0;1;0;0;1;1;0;0;0;0;0
202777;1.45;0.97;0;1284.00;27.75;84.00;12.75;0;12.11;14.49;11.29;10.06;2.31;62792.00;0;0;44.00;4511.00;1002.63;722.65;1;1;0;1;0;0;1;0;0;1;0;0;1;1;0;0;1;0;0
204201;1.47;0.92;0;1210.00;27.75;84.75;17.25;0;12.80;14.39;15.72;55.33;2.31;62792.00;0;0;42.00;4511.80;1002.63;117.19;1;1;0;1;0;0;1;0;0;1;0;0;1;1;0;0;0;0;0
205634;1.49;0.95;0;1139.00;28.50;84.75;24.00;0;13.70;14.39;137.61;180.63;2.31;62792.00;0;0;43.00;4514.60;1002.75;39.06;1;1;0;1;1;0;1;0;0;1;0;0;1;1;0;0;0;0;0
206945;1.35;0.99;0;1245.00;28.50;84.75;15.00;0;12.26;14.30;132.41;131.34;2.58;62792.00;0;0;43.00;4520.00;1002.79;78.12;1;1;0;1;0;0;1;0;0;1;0;0;1;1;0;0;0;0;0
208380;1.32;1.00;0;1254.00;28.50;84.75;14.25;0;12.19;14.39;123.14;167.70;2.31;62792.00;0;0;43.00;4521.40;1002.79;78.12;1;1;0;1;0;0;1;0;0;1;0;0;1;1;0;0;0;0;0
209835;1.42;1.02;0;1275.00;28.50;84.75;13.50;0;12.09;14.39;89.10;123.49;2.31;62792.00;0;0;43.00;4514.80;1002.75;839.83;1;1;0;1;0;0;1;0;0;1;0;0;1;1;0;0;0;0;0
211254;1.40;0.98;0;1220.00;28.50;85.50;16.50;0;12.60;14.39;235.63;211.37;2.31;62792.00;0;0;43.00;4508.00;1002.94;58.59;1;1;0;1;0;0;1;0;0;1;0;0;1;1;0;0;0;0;0
212633;3.17;1.02;0;1216.00;28.50;85.50;12.00;1.57;12.48;14.39;255.67;214.48;2.31;62792.00;0;0;46.00;4496.80;1002.83;898.43;1;1;0;1;0;0;1;0;0;1;0;0;1;1;0;0;0;0;0
214024;3.07;0.97;11.00;2093.00;28.50;85.50;19.50;7.06;23.38;14.21;237.64;281.35;2.58;62792.00;11.00;11.00;50.00;4546.80;1003.06;39.06;1;1;0;1;0;0;1;0;0;1;0;0;1;1;0;0;0;0;0
215513;2.55;1.00;26.00;2703.00;28.50;85.50;30.00;6.28;20.68;14.21;250.14;172.92;2.58;62792.00;25.00;26.00;50.00;4526.00;1003.18;820.30;1;1;0;1;0;0;1;0;0;1;0;0;1;1;0;0;0;0;0
216911;3.19;1.00;35.00;3884.00;28.50;84.75;37.50;11.37;24.95;14.02;284.57;312.66;2.58;62792.00;34.00;35.00;51.00;4626.00;1002.98;97.66;1;1;0;1;0;0;1;0;0;0;0;0;1;1;0;0;0;0;0
218373;5.01;1.00;46.00;3621.00;27.75;84.75;23.25;22.36;35.54;14.11;324.43;349.59;2.58;62792.00;45.00;46.00;51.00;4322.40;1003.02;703.12;2.00;1;0;1;0;0;1;0;0;1;0;0;1;1;0;0;0;0;0
219824;4.54;1.04;58.00;4580.00;27.75;84.00;30.75;23.53;34.04;14.11;250.92;299.94;2.58;62792.00;57.00;59.00;51.00;4425.40;1003.02;546.87;2.00;1;0;1;0;0;1;0;0;1;0;0;1;1;0;0;0;0;0
221183;4.36;0.99;66.00;4050.00;27.75;84.00;30.00;20.39;33.81;14.02;282.27;168.23;2.58;62792.00;65.00;66.00;51.00;4522.00;1002.83;839.83;3.00;1;0;1;0;0;1;0;0;0;0;0;1;1;0;0;0;0;0
222617;4.68;1.00;72.00;3765.00;27.75;84.00;27.75;21.18;32.66;14.02;238.42;287.44;2.58;62792.00;72.00;72.00;51.00;4444.60;1002.75;898.43;4.00;1;0;1;0;0;1;0;0;0;0;0;1;1;0;0;0;0;0
223826;2.32;0.92;73.00;3399.00;27.75;84.00;36.75;8.24;21.82;14.11;318.46;342.01;2.58;62792.00;73.00;74.00;51.00;4419.00;1002.71;839.83;5.00;1;0;1;0;0;1;0;0;0;0;0;1;1;0;0;0;0;0
225248;0.87;0.96;72.00;3306.00;27.75;84.00;38.25;1.57;7.36;14.11;345.90;348.53;2.58;62792.00;72.00;73.00;51.00;4524.00;1002.67;214.84;5.00;1;0;1;0;0;1;0;0;0;0;0;1;1;0;0;0;0;0
226662;0.66;1.00;67.00;3116.00;27.75;84.00;-30.00;0;0;14.21;317.52;313.67;2.58;62792.00;68.00;67.00;51.00;4633.80;1002.67;0;5.00;1;0;1;0;0;1;0;0;0;0;0;1;1;0;0;0;0;0
228083;0.70;1.00;61.00;2822.00;27.75;84.00;-30.00;0;0;14.11;343.90;307.09;2.58;62792.00;62.00;61.00;51.00;4662.80;1002.67;0;5.00;1;0;1;0;0;1;0;0;0;0;0;1;1;0;0;0;0;0
229474;0.73;1.00;56.00;2623.00;27.75;84.00;-30.00;0;0;14.21;355.50;341.97;2.58;62792.00;57.00;57.00;51.00;4638.00;1002.67;0;5.00;1;0;1;0;0;1;0;0;1;0;0;1;1;0;0;0;0;0
230783;0.89;1.00;50.00;2305.00;27.75;84.00;16.50;0;12.57;14.21;230.92;275.59;2.58;62792.00;50.00;50.00;45.00;4409.40;1002.67;39.06;5.00;1;0;1;0;0;1;0;0;1;0;0;1;1;0;0;0;0;0
232280;0.99;1.00;42.00;1971.00;27.75;83.25;14.25;0;12.64;14.21;114.27;134.72;2.58;62792.00;43.00;43.00;45.00;4515.20;1002.67;19.53;5.00;1;0;1;0;0;1;0;0;1;0;0;1;1;0;0;1;0;0
233627;1.17;1.00;37.00;1602.00;27.75;83.25;15.00;0;12.69;14.30;51.79;80.05;2.58;62792.00;37.00;37.00;47.00;4504.80;1002.67;585.93;4.00;1;0;1;0;0;1;0;0;1;0;0;1;1;0;0;0;0;0
235004;1.27;0.97;27.00;1459.00;27.75;83.25;15.00;0;12.57;14.39;150.71;68.41;2.31;62792.00;28.00;28.00;45.00;4487.60;1002.67;859.36;4.00;1;0;1;1;0;1;0;0;1;0;0;1;1;0;0;1;0;0
236431;1.37;0.93;16.00;1245.00;27.75;83.25;16.50;0;12.87;14.39;90.62;36.29;2.31;62792.00;16.00;17.00;46.00;4512.00;1002.67;214.84;3.00;1;0;1;1;0;1;0;0;1;0;0;1;1;0;0;1;0;0
237841;1.40;0.95;7.00;1256.00;27.75;83.25;15.00;0;12.60;14.30;96.24;86.75;2.58;62792.00;7.00;7.00;45.00;4507.60;1002.67;39.06;2.00;1;0;1;0;0;1;0;0;1;0;0;1;1;0;0;0;0;0
239358;1.42;1.00;5.00;1262.00;27.75;83.25;14.25;0;12.37;14.30;57.48;42.28;2.58;62792.00;5.00;5.00;44.00;4517.40;1002.67;78.12;1;1;0;1;0;0;1;0;0;1;0;0;1;1;0;0;0;0;0
240760;1.34;0.99;3.00;1250.00;27.75;83.25;15.00;0;12.36;14.39;45.90;39.82;2.31;62792.00;4.00;4.00;43.00;4516.60;1002.79;820.30;1;1;0;1;0;0;1;0;0;1;0;0;1;1;0;0;0;0;0
242215;1.40;0.98;2.00;1247.00;28.50;83.25;15.00;0;12.32;14.30;99.17;135.66;2.58;62792.00;3.00;3.00;43.00;4508.60;1002.86;39.06;1;1;0;1;0;0;1;0;0;1;0;0;1;1;0;0;0;0;0
243647;5.18;1.00;0;2269.00;28.50;83.25;14.25;12.55;30.52;14.21;114.80;246.49;2.58;62792.00;0;0;56.00;4505.60;1002.83;917.96;1;1;0;1;0;0;1;0;0;1;0;0;1;1;0;0;0;0;0
245052;6.06;1.05;26.00;3723.00;28.50;83.25;17.25;30.98;41.85;14.02;14.30;28.30;2.58;62792.00;25.00;26.00;52.00;4546.20;1003.02;839.83;1;1;0;1;0;0;1;0;0;1;0;0;1;1;0;0;0;0;0
246534;4.96;1.00;48.00;4248.00;27.75;84.00;42.00;14.12;21.75;14.11;239.57;251.33;2.58;62792.00;48.00;49.00;51.00;4327.60;1003.18;781.24;2.00;1;0;1;0;0;1;0;0;0;0;0;0;1;0;0;0;0;0
247932;1.37;1.00;57.00;3471.00;27.75;84.00;39.75;2.75;10.67;14.11;284.51;323.59;2.58;62792.00;55.00;57.00;51.00;4274.20;1003.02;703.12;3.00;1;0;1;0;0;1;0;0;0;0;0;1;1;0;0;0;0;0
249256;0.69;1.00;51.00;3141.00;27.75;84.00;-30.00;0;0;14.02;322.64;322.38;2.58;62792.00;52.00;51.00;51.00;4309.00;1002.86;0;3.00;1;0;1;0;0;1;0;0;1;0;0;1;1;0;0;0;0;0
250686;2.36;1.00;47.00;2882.00;27.75;84.00;9.75;5.10;13.15;14.02;230.40;208.93;2.58;62792.00;47.00;48.00;51.00;4300.00;1002.75;859.36;3.00;1;0;1;0;0;1;0;0;1;0;0;1;1;0;0;0;0;0
252060;1.97;0.92;50.00;3075.00;27.75;84.00;35.25;5.49;17.41;14.02;323.20;320.19;2.58;62793.00;50.00;50.00;51.00;4499.00;1002.79;39.06;3.00;1;0;1;0;0;1;0;0;1;0;0;1;1;0;0;0;0;0
253506;1.27;0.96;51.00;3181.00;27.75;84.00;36.75;2.35;10.82;14.11;349.74;347.79;2.58;62793.00;51.00;52.00;51.00;4540.60;1002.71;722.65;3.00;1;0;1;0;0;1;0;0;1;0;0;1;1;0;0;0;0;0
254857;0.70;1.00;46.00;2829.00;27.75;84.00;-30.00;0;0;14.11;327.85;295.27;2.58;62793.00;47.00;46.00;51.00;4627.20;1002.67;0;3.00;1;0;1;0;0;1;0;0;1;0;0;1;1;0;0;0;0;0
256297;0.87;1.00;38.00;2418.00;27.75;84.00;16.50;0;12.59;14.11;269.24;172.66;2.58;62793.00;39.00;39.00;46.00;4264.20;1002.79;19.53;3.00;1;0;1;0;0;1;0;0;1;0;0;1;1;0;0;0;0;0
257758;1.35;1.01;26.00;1438.00;27.75;84.00;14.25;0;12.62;14.39;153.08;101.48;2.31;62793.00;26.00;27.00;44.00;4468.60;1002.71;117.19;3.00;1;0;1;1;0;1;0;0;1;0;0;1;1;0;0;0;0;0
259087;1.38;0.99;15.00;1265.00;27.75;84.00;14.25;0;12.49;14.39;69.35;50.82;2.31;62793.00;15.00;15.00;45.00;4517.80;1002.67;820.30;3.00;1;0;1;0;0;1;0;0;1;0;0;1;1;0;0;1;0;0
260527;1.38;0.96;11.00;1252.00;27.75;84.00;15.00;0;12.56;13.73;37.69;28.73;2.82;62793.00;11.00;11.00;45.00;4519.20;1002.67;39.06;3.00;1;0;1;0;0;1;0;0;1;0;0;1;1;0;0;0;0;0
261921;3.19;0.99;11.00;1816.00;27.75;84.00;-3.00;5.88;13.55;14.21;26.99;18.49;2.58;62793.00;12.00;12.00;51.00;4520.20;1002.75;58.59;1;1;0;1;0;0;1;0;0;1;0;0;1;1;0;0;0;0;0
263331;2.77;1.03;21.00;2434.00;27.75;84.00;24.00;5.88;20.60;14.11;208.44;217.00;2.58;62793.00;21.00;21.00;51.00;4507.00;1002.83;820.30;1;1;0;1;0;0;1;0;0;1;0;0;1;1;0;0;0;0;0
264863;1.10;0.97;23.00;2477.00;27.75;84.00;25.50;1.18;9.06;14.21;334.72;292.25;2.58;62793.00;24.00;24.00;51.00;4531.40;1002.75;800.77;1;1;0;1;0;0;1;0;0;1;0;0;1;1;0;0;0;0;0
266332;1.17;1.00;18.00;2143.00;27.75;84.00;20.25;0.39;10.63;14.21;312.05;302.25;2.58;62793.00;19.00;19.00;51.00;4542.20;1002.86;878.90;1;1;0;1;0;0;1;0;0;1;0;0;1;1;0;0;0;0;0
267769;1.37;1.00;17.00;1915.00;27.75;84.00;16.50;1.18;10.22;14.30;237.84;284.01;2.58;62793.00;17.00;17.00;51.00;4524.00;1002.83;19.53;1;1;0;1;0;0;1;0;0;1;0;0;1;1;0;0;0;0;0
269100;1.31;1.05;16.00;1737.00;27.75;84.75;13.50;0.39;10.82;14.21;284.83;240.04;2.58;62793.00;16.00;16.00;51.00;4497.40;1003.02;878.90;1;1;0;1;1;0;1;0;0;1;0;0;1;1;0;0;1;0;0
270557;1.34;1.01;15.00;1350.00;27.75;84.75;14.25;0;12.45;14.30;178.84;159.46;2.58;62793.00;15.00;15.00;45.00;4511.20;1003.10;859.36;1;1;0;1;1;0;1;0;0;1;0;0;1;1;0;0;1;0;0
271890;1.36;0.96;12.00;1326.00;28.50;84.75;13.50;0;12.32;14.39;76.91;76.38;2.31;62793.00;13.00;13.00;45.00;4512.20;1003.26;781.24;1;1;0;1;1;0;1;0;0;1;0;0;1;1;0;0;1;0;0
273301;1.37;0.96;8.00;1260.00;28.50;84.75;14.25;0;12.39;14.39;34.78;34.55;2.31;62793.00;9.00;9.00;44.00;4509.40;1003.02;39.06;1;1;0;1;1;0;1;0;0;1;0;0;1;1;0;0;1;0;0
274668;1.35;1.00;6.00;1282.00;28.50;84.75;12.75;0;12.07;14.39;18.10;18.77;2.31;62793.00;7.00;5.00;44.00;4508.80;1002.94;78.12;1;1;0;1;1;0;1;0;0;1;0;0;1;1;0;0;1;0;0
275989;1.45;1.01;0;1199.00;28.50;84.75;18.00;0;12.86;14.49;120.29;111.61;2.31;62793.00;0;0;42.00;4516.20;1002.94;820.30;1;1;0;1;1;0;1;0;0;1;0;0;1;1;0;0;1;0;0
277564;1.31;0.98;0;1265.00;28.50;84.75;13.50;0;11.97;14.49;143.92;91.89;2.31;62793.00;0;0;43.00;4533.40;1002.83;39.06;0;0;1;0;0;0;1;0;0;1;0;0;1;1;0;0;1;0;0
278911;1.42;1.02;0;1270.00;28.50;84.75;12.75;0;11.68;14.30;78.84;50.25;2.58;62793.00;0;0;40.00;4506.20;1002.90;839.83;0;0;1;0;0;0;1;0;0;1;0;0;1;1;0;0;1;0;0
