##;##
#2011-09-05 07:45:07
#GS-911 Mobile WM5 V1009.2
#F800GS
#BMS-KP2
Time (ms);Speed( km/h);RPM;Battery voltage( V);Start switch
632;0;1291.00;12.60;0
1187;0;1260.00;12.60;0
1819;0;1213.00;12.50;0
2452;0;1273.00;12.50;0
3087;0;1248.00;12.50;0
3716;0;1270.00;12.50;0
4265;0;1259.00;12.50;0
4892;0;1233.00;12.60;0
5626;0;1287.00;12.50;0
6257;0;1276.00;12.50;0
6934;0;1248.00;12.60;0
7615;0;1253.00;12.50;0
8251;0;1149.00;12.50;0
8880;0;1241.00;12.60;0
9562;0;1270.00;12.50;0
10195;0;1186.00;12.50;0
10827;0;1236.00;12.50;0
11459;0;1160.00;12.50;0
12091;0;1243.00;12.50;0
12771;0;1273.00;12.50;0
13453;0;1229.00;12.50;0
14081;0;1193.00;12.41;0
14765;0;1230.00;12.41;0
15351;0;1207.00;12.50;0
15979;0;1246.00;12.50;0
16607;0;1248.00;12.50;0
17236;0;1221.00;12.50;0
17869;0;1226.00;12.50;0
18498;0;1226.00;12.50;0
19123;0;1244.00;12.50;0
19804;0;1258.00;12.50;0
20431;0;1273.00;12.50;0
21058;0;1285.00;12.50;0
21685;0;1252.00;12.50;0
22285;0;1235.00;12.50;0
22916;0;1229.00;12.50;0
23544;0;1249.00;12.50;0
24184;0;1293.00;12.50;0
25608;0;1264.00;12.31;0
27127;0;2943.00;12.69;0
28502;31.00;3553.00;12.69;0
29285;43.00;4618.00;12.78;0
29909;52.00;4094.00;12.78;0
30537;62.00;4871.00;12.78;0
31222;73.00;5769.00;12.78;0
34234;102.00;5335.00;12.78;0
34864;106.00;4917.00;12.97;0
37231;110.00;4673.00;12.97;0
37857;110.00;4666.00;13.07;0
38486;110.00;4678.00;12.88;0
40771;107.00;4566.00;13.16;0
41393;107.00;4546.00;13.16;0
42017;107.00;4562.00;13.16;0
42643;107.00;4564.00;13.16;0
43417;108.00;4616.00;13.16;0
45843;108.00;4592.00;13.26;0
46469;108.00;4603.00;13.26;0
47149;108.00;4608.00;13.26;0
49447;110.00;4634.00;13.26;0
50068;110.00;4660.00;13.26;0
50696;108.00;4635.00;13.26;0
51243;108.00;4587.00;13.26;0
53641;103.00;4371.00;13.35;0
54263;102.00;4342.00;13.26;0
54907;101.00;4303.00;13.26;0
55545;100.00;4281.00;13.26;0
57938;100.00;4265.00;13.26;0
58609;101.00;4300.00;13.35;0
59240;102.00;4340.00;13.26;0
61653;103.00;4363.00;13.45;0
62277;102.00;4354.00;13.45;0
62900;102.00;4330.00;13.35;0
63548;101.00;4308.00;13.35;0
65866;100.00;4227.00;13.45;0
66540;98.00;4144.00;13.35;0
67162;97.00;4131.00;13.45;0
69536;96.00;4074.00;13.45;0
70161;96.00;4080.00;13.45;0
70785;96.00;4088.00;13.45;0
71327;96.00;4111.00;13.45;0
73742;96.00;4075.00;13.35;0
74287;96.00;4063.00;13.26;0
74924;95.00;4034.00;13.35;0
75559;91.00;3829.00;13.45;0
77994;88.00;3742.00;13.45;0
78621;86.00;3611.00;13.54;0
79245;82.00;3506.00;13.45;0
81714;71.00;3020.00;13.54;0
82342;63.00;2722.00;13.45;0
83021;52.00;2228.00;13.35;0
83645;35.00;1382.00;12.97;0
85968;30.00;1322.00;12.88;0
86595;27.00;1328.00;12.97;0
87271;23.00;1319.00;12.88;0
89666;21.00;1987.00;12.69;0
90287;21.00;1677.00;12.78;0
90933;22.00;2430.00;12.88;0
91582;25.00;2060.00;12.88;0
93959;25.00;1970.00;12.88;0
94577;25.00;1938.00;12.88;0
95206;23.00;1907.00;12.88;0
97552;20.00;1950.00;12.78;0
98180;20.00;1729.00;12.60;0
98802;20.00;1432.00;12.69;0
99351;18.00;1431.00;12.69;0
101809;31.00;2426.00;12.78;0
102352;36.00;2904.00;12.69;0
102976;43.00;3446.00;12.88;0
103609;52.00;3242.00;12.69;0
105988;56.00;3420.00;12.88;0
106612;61.00;3719.00;12.88;0
107232;66.00;4037.00;12.88;0
109725;72.00;3760.00;12.97;0
110349;73.00;3803.00;12.97;0
110976;73.00;3813.00;13.07;0
111649;68.00;3606.00;13.07;0
114000;68.00;3539.00;13.07;0
114625;67.00;3526.00;13.07;0
115248;66.00;3489.00;13.16;0
117580;68.00;3485.00;13.16;0
118207;67.00;3478.00;13.07;0
118832;65.00;3392.00;13.26;0
119377;62.00;3336.00;13.16;0
121785;61.00;3182.00;13.16;0
122332;60.00;2756.00;13.07;0
123010;56.00;4362.00;13.07;0
123639;45.00;3497.00;13.26;0
126005;45.00;3549.00;13.16;0
126684;45.00;3517.00;13.26;0
127315;45.00;3549.00;13.16;0
129703;56.00;4029.00;13.26;0
130323;60.00;3661.00;13.26;0
131002;63.00;3926.00;13.26;0
131643;71.00;3685.00;13.26;0
134069;72.00;3748.00;13.26;0
134692;72.00;3769.00;13.26;0
135323;72.00;3768.00;13.35;0
137781;67.00;3143.00;13.26;0
138403;66.00;3092.00;13.26;0
139027;66.00;3084.00;13.16;0
139707;66.00;3086.00;13.26;0
142064;65.00;3037.00;13.26;0
142687;63.00;2949.00;13.16;0
143310;62.00;2898.00;13.16;0
145698;63.00;2944.00;13.26;0
146328;63.00;2967.00;13.16;0
146952;65.00;2997.00;13.16;0
147652;65.00;3010.00;13.26;0
150045;63.00;2984.00;13.26;0
150670;63.00;2961.00;13.35;0
151294;65.00;2964.00;13.26;0
153641;68.00;3185.00;13.26;0
154270;70.00;3212.00;13.35;0
154898;70.00;3243.00;13.35;0
155440;71.00;3294.00;13.26;0
157836;73.00;3405.00;13.26;0
158383;73.00;3447.00;13.35;0
159060;75.00;3456.00;13.26;0
159686;80.00;3645.00;13.35;0
162060;81.00;3736.00;13.35;0
162638;82.00;3771.00;13.35;0
163318;82.00;3823.00;13.35;0
165808;82.00;3523.00;13.45;0
166480;83.00;3550.00;13.35;0
167112;83.00;3551.00;13.35;0
167741;85.00;3612.00;13.35;0
170080;85.00;3605.00;13.45;0
170700;85.00;3602.00;13.35;0
171324;85.00;3622.00;13.35;0
173656;87.00;3698.00;13.26;0
174308;88.00;3750.00;13.26;0
174942;88.00;3783.00;13.45;0
175463;90.00;3803.00;13.35;0
177831;88.00;3733.00;13.45;0
178432;87.00;3728.00;13.35;0
179068;87.00;3717.00;13.45;0
179693;88.00;3743.00;13.35;0
182061;88.00;3760.00;13.45;0
182661;88.00;3775.00;13.35;0
183311;88.00;3764.00;13.45;0
185636;88.00;3731.00;13.26;0
186235;87.00;3710.00;13.35;0
186835;86.00;3672.00;13.35;0
187435;83.00;3575.00;13.26;0
189742;85.00;3628.00;13.45;0
190340;85.00;3522.00;13.45;0
190942;83.00;3569.00;13.45;0
191511;82.00;3549.00;13.45;0
193955;88.00;3756.00;13.45;0
194525;91.00;3863.00;13.45;0
195127;92.00;3948.00;13.45;0
195726;91.00;3846.00;13.45;0
198091;90.00;3861.00;13.35;0
198690;90.00;3794.00;13.45;0
199288;88.00;3748.00;13.35;0
201659;88.00;3763.00;13.45;0
202260;90.00;3796.00;13.45;0
202861;91.00;3844.00;13.35;0
203463;92.00;3869.00;13.45;0
205778;96.00;4075.00;13.54;0
206377;96.00;4104.00;13.45;0
207027;97.00;4105.00;13.45;0
207679;97.00;4123.00;13.45;0
209924;96.00;4077.00;13.54;0
210442;95.00;4036.00;13.45;0
211043;95.00;4020.00;13.45;0
211666;93.00;3953.00;13.54;0
214069;93.00;3962.00;13.35;0
214667;93.00;3971.00;13.45;0
215266;93.00;3996.00;13.45;0
215869;93.00;3988.00;13.45;0
218181;93.00;3981.00;13.45;0
218782;93.00;3977.00;13.35;0
219383;93.00;3983.00;13.45;0
221855;93.00;3977.00;13.45;0
222454;93.00;3994.00;13.45;0
223053;93.00;3993.00;13.35;0
223686;93.00;3994.00;13.45;0
225954;93.00;3992.00;13.45;0
226573;93.00;3963.00;13.54;0
227228;92.00;3956.00;13.54;0
227830;90.00;3817.00;13.54;0
230160;90.00;3829.00;13.45;0
230763;91.00;3869.00;13.45;0
231421;91.00;3902.00;13.45;0
233737;92.00;3881.00;13.54;0
234346;92.00;3897.00;13.45;0
234945;92.00;3910.00;13.45;0
235514;92.00;3932.00;13.45;0
237828;92.00;3904.00;13.35;0
238484;92.00;3901.00;13.45;0
239086;92.00;3891.00;13.54;0
239697;92.00;3890.00;13.45;0
241949;91.00;3877.00;13.45;0
242466;91.00;3830.00;13.45;0
243064;90.00;3813.00;13.45;0
243664;90.00;3804.00;13.45;0
245960;88.00;3758.00;13.45;0
246477;88.00;3768.00;13.26;0
247138;88.00;3739.00;13.45;0
247769;88.00;3770.00;13.45;0
250194;88.00;3748.00;13.35;0
250798;88.00;3770.00;13.45;0
251400;88.00;3749.00;13.45;0
253719;91.00;3844.00;13.35;0
254373;92.00;3896.00;13.45;0
254974;92.00;3911.00;13.35;0
255496;92.00;3935.00;13.45;0
257822;93.00;3980.00;13.45;0
258423;93.00;3985.00;13.45;0
259025;93.00;4013.00;13.45;0
259546;93.00;3976.00;13.45;0
261879;91.00;3862.00;13.45;0
262481;90.00;3820.00;13.45;0
263084;88.00;3771.00;13.45;0
263736;87.00;3676.00;13.45;0
265989;83.00;3579.00;13.45;0
266558;85.00;3579.00;13.45;0
267210;85.00;3599.00;13.45;0
267861;81.00;3464.00;13.35;0
270186;80.00;3386.00;13.45;0
270786;77.00;3312.00;13.45;0
271387;76.00;3272.00;13.35;0
273744;72.00;3070.00;13.26;0
274346;71.00;2995.00;13.35;0
274899;68.00;2943.00;13.35;0
275500;65.00;2767.00;13.35;0
277951;56.00;2610.00;13.26;0
278553;57.00;2649.00;13.16;0
279172;58.00;2674.00;13.16;0
279835;58.00;2614.00;13.07;0
282204;60.00;2769.00;13.07;0
282804;62.00;2869.00;13.16;0
283403;63.00;2958.00;13.07;0
285788;63.00;2965.00;13.16;0
286387;61.00;2818.00;13.16;0
286989;60.00;2750.00;13.26;0
287510;57.00;2606.00;13.16;0
289889;50.00;2298.00;12.97;0
290542;48.00;2189.00;12.97;0
291143;46.00;2109.00;12.97;0
291715;45.00;2057.00;12.97;0
294041;36.00;1306.00;12.78;0
294564;32.00;1724.00;12.78;0
295177;30.00;1377.00;12.78;0
295779;28.00;1762.00;12.78;0
298047;15.00;1300.00;12.69;0
298567;12.00;1223.00;12.69;0
299169;11.00;1298.00;12.69;0
299777;11.00;1264.00;12.60;0
302046;8.00;1301.00;12.60;0
302615;7.00;1244.00;12.60;0
303217;7.00;1208.00;12.50;0
303843;0;1248.00;12.50;0
306255;0;1247.00;12.60;0
306855;0;1256.00;12.50;0
307504;0;1245.00;12.50;0
309822;0;1227.00;12.41;0
310421;0;1237.00;12.41;0
311023;0;1220.00;12.50;0
311544;0;1241.00;12.50;0
313920;0;1264.00;12.31;0
314522;0;1254.00;12.50;0
315123;0;1175.00;12.50;0
315732;0;1230.00;12.41;0
318051;0;1194.00;12.41;0
318569;0;1240.00;12.41;0
319170;0;1237.00;12.50;0
319797;0;1251.00;12.50;0
322078;0;1247.00;12.41;0
322595;0;1235.00;12.41;0
323205;0;1213.00;12.50;0
323866;0;1210.00;12.41;0
326243;0;1196.00;12.41;0
326849;0;1185.00;12.41;0
327501;0;1221.00;12.41;0
329826;0;1245.00;12.50;0
330477;0;1229.00;12.41;0
331077;0;1234.00;12.41;0
331604;0;1238.00;12.41;0
334009;0;1214.00;12.41;0
334606;0;1236.00;12.41;0
335219;0;1215.00;12.41;0
335819;0;1259.00;12.41;0
338083;0;1268.00;12.41;0
338603;0;1292.00;12.41;0
339256;0;1255.00;12.41;0
339884;0;1250.00;12.22;0
342255;0;1256.00;12.41;0
342854;0;1249.00;12.22;0
343456;0;1247.00;12.41;0
345859;0;1225.00;12.31;0
346458;0;1217.00;12.31;0
347110;0;1251.00;12.41;0
347628;0;1167.00;12.31;0
349966;0;1260.00;12.31;0
350571;0;1233.00;12.41;0
351171;0;1276.00;12.31;0
351785;0;1291.00;12.41;0
354100;25.00;2742.00;12.50;0
354703;30.00;3331.00;12.60;0
355303;36.00;3835.00;12.50;0
355915;53.00;4226.00;12.69;0
358285;60.00;4629.00;12.69;0
358884;62.00;3820.00;12.60;0
359484;66.00;4071.00;12.78;0
362041;78.00;3625.00;12.88;0
362691;81.00;3755.00;12.88;0
363341;82.00;3490.00;12.88;0
363993;88.00;3763.00;12.88;0
366372;90.00;3830.00;12.97;0
366973;91.00;3810.00;12.78;0
367625;91.00;3872.00;12.78;0
369996;85.00;3598.00;12.78;0
370596;82.00;3501.00;12.97;0
371196;80.00;3384.00;13.07;0
371818;76.00;3253.00;12.88;0
374129;67.00;2858.00;13.07;0
374646;65.00;2916.00;13.07;0
375247;62.00;2887.00;13.07;0
375835;61.00;3244.00;13.07;0
378163;55.00;2851.00;12.97;0
378682;52.00;2747.00;12.97;0
379299;50.00;2588.00;13.07;0
380002;40.00;2097.00;12.88;0
382346;41.00;2167.00;12.97;0
382944;43.00;2262.00;12.69;0
383543;45.00;2386.00;12.88;0
385914;52.00;2752.00;12.88;0
386565;55.00;2832.00;12.88;0
387168;56.00;2897.00;12.88;0
387739;57.00;2966.00;12.88;0
390177;60.00;3140.00;12.97;0
390745;60.00;3119.00;12.97;0
391447;60.00;3115.00;12.97;0
392048;63.00;3333.00;12.88;0
394386;63.00;3355.00;12.97;0
394987;65.00;3402.00;12.88;0
395586;66.00;3462.00;12.97;0
397925;71.00;3699.00;13.07;0
398525;71.00;2821.00;13.07;0
399125;71.00;3324.00;13.07;0
399647;72.00;3372.00;13.07;0
402038;82.00;3792.00;13.07;0
402637;85.00;3903.00;13.07;0
403239;87.00;4009.00;13.07;0
403857;88.00;4073.00;13.16;0
406181;90.00;4125.00;13.16;0
406700;90.00;4157.00;13.16;0
407308;92.00;4221.00;13.16;0
407868;91.00;4235.00;13.07;0
410194;92.00;4225.00;13.16;0
410717;92.00;4203.00;13.26;0
411333;92.00;4273.00;13.16;0
411934;92.00;4246.00;13.26;0
414207;90.00;4152.00;13.26;0
414744;88.00;4113.00;13.16;0
415346;90.00;4155.00;13.16;0
415947;90.00;4156.00;13.26;0
418252;91.00;4204.00;13.26;0
418852;92.00;4268.00;13.26;0
419372;93.00;4309.00;13.07;0
420026;96.00;4102.00;13.26;0
422405;97.00;4159.00;13.16;0
423054;98.00;4183.00;13.26;0
423706;100.00;4232.00;13.35;0
426059;96.00;4101.00;13.26;0
426660;96.00;4095.00;13.35;0
427260;96.00;4063.00;13.35;0
427883;95.00;4048.00;13.26;0
430193;95.00;4014.00;13.16;0
430713;93.00;3998.00;13.16;0
431315;93.00;3980.00;13.35;0
431892;93.00;3965.00;13.26;0
434190;96.00;4071.00;13.35;0
434717;96.00;4049.00;13.16;0
435318;93.00;3992.00;13.26;0
435896;93.00;3993.00;13.35;0
438190;91.00;3877.00;13.26;0
438712;90.00;3798.00;13.26;0
439313;87.00;3720.00;13.26;0
439915;87.00;3692.00;13.16;0
442208;87.00;3714.00;13.35;0
442726;87.00;3711.00;13.26;0
443388;86.00;3684.00;13.26;0
444011;85.00;3595.00;13.26;0
446371;83.00;3556.00;13.26;0
446972;82.00;3502.00;13.26;0
447576;82.00;3470.00;13.26;0
448154;81.00;3480.00;13.26;0
450428;82.00;3490.00;13.16;0
451027;82.00;3501.00;13.26;0
451641;82.00;3483.00;13.26;0
453993;82.00;3492.00;13.26;0
454597;82.00;3488.00;13.26;0
455247;80.00;3641.00;13.35;0
455768;78.00;3679.00;13.26;0
458112;81.00;3756.00;13.26;0
458715;82.00;3762.00;13.26;0
459369;81.00;3779.00;13.16;0
460075;85.00;3604.00;13.16;0
462366;86.00;3625.00;13.26;0
462966;86.00;3664.00;13.26;0
463566;86.00;3657.00;13.26;0
464173;87.00;3696.00;13.26;0
466424;87.00;3707.00;13.26;0
467021;87.00;3741.00;13.35;0
467620;88.00;3752.00;13.16;0
469948;86.00;3682.00;13.35;0
470603;86.00;3646.00;13.26;0
471254;85.00;3603.00;13.35;0
471775;83.00;3576.00;13.26;0
474138;80.00;3381.00;13.26;0
474770;80.00;3382.00;13.26;0
475476;77.00;3135.00;13.35;0
476079;66.00;3477.00;13.26;0
478418;66.00;3482.00;13.26;0
479022;67.00;3528.00;13.26;0
479624;67.00;3545.00;13.26;0
482005;65.00;3386.00;13.16;0
482657;66.00;3436.00;13.26;0
483307;66.00;3463.00;13.26;0
483827;66.00;3461.00;13.26;0
486201;67.00;3519.00;13.26;0
486852;67.00;3529.00;13.26;0
487552;67.00;3504.00;13.07;0
488154;65.00;3399.00;13.26;0
490455;66.00;3427.00;13.26;0
491056;66.00;3458.00;13.26;0
491655;67.00;3500.00;13.26;0
494033;71.00;3674.00;13.16;0
494641;71.00;3698.00;13.26;0
495243;72.00;3773.00;13.26;0
495843;71.00;2981.00;13.26;0
498164;73.00;3411.00;13.26;0
498764;73.00;3370.00;13.16;0
499363;71.00;3294.00;13.26;0
499986;71.00;3286.00;13.26;0
502371;71.00;3282.00;13.26;0
502969;72.00;3333.00;13.26;0
503570;73.00;3392.00;13.16;0
505968;75.00;3468.00;13.16;0
506618;75.00;3448.00;13.16;0
507269;76.00;3490.00;13.26;0
507790;76.00;3517.00;13.26;0
510143;77.00;3588.00;13.35;0
510742;77.00;3578.00;13.26;0
511394;76.00;3538.00;13.26;0
512050;75.00;3443.00;13.16;0
514294;62.00;2901.00;13.35;0
514817;60.00;2752.00;13.35;0
515417;56.00;2606.00;13.26;0
516018;53.00;2457.00;13.26;0
518298;43.00;2046.00;13.07;0
518818;41.00;1924.00;13.07;0
519420;38.00;1814.00;13.07;0
520023;35.00;1656.00;12.88;0
522317;18.00;1311.00;12.78;0
522837;12.00;1232.00;12.69;0
523489;8.00;1280.00;12.69;0
524141;0;1230.00;12.60;0
526504;0;1259.00;12.60;0
527103;0;1233.00;12.60;0
527703;0;1266.00;12.50;0
530268;0;1236.00;12.50;0
530866;0;1191.00;12.50;0
531480;0;1220.00;12.60;0
532080;0;1280.00;12.50;0
534332;0;1210.00;12.41;0
534850;0;1242.00;12.50;0
535450;0;1258.00;12.50;0
536074;0;1232.00;12.50;0
538499;0;1243.00;12.41;0
539098;0;1154.00;12.41;0
539749;0;1238.00;12.41;0
542126;0;1221.00;12.31;0
542725;0;1233.00;12.41;0
543325;0;1246.00;12.41;0
543845;0;1257.00;12.50;0
546222;0;1233.00;12.41;0
546822;0;1244.00;12.41;0
547482;0;1254.00;12.41;0
548089;0;1254.00;12.41;0
550362;0;1269.00;12.41;0
550880;0;1228.00;12.41;0
551532;0;1219.00;12.41;0
552184;0;1262.00;12.41;0
554572;0;1238.00;12.41;0
555226;0;1215.00;12.41;0
555876;0;1220.00;12.31;0
558397;0;1230.00;12.31;0
558966;0;1298.00;12.41;0
559566;0;1286.00;12.31;0
560176;0;1226.00;12.41;0
562529;0;1281.00;12.41;0
563128;0;1246.00;12.31;0
563729;0;1259.00;12.41;0
566088;0;2460.00;12.50;0
566736;15.00;2373.00;12.50;0
567339;23.00;3066.00;12.60;0
567861;33.00;3768.00;12.60;0
570218;58.00;4603.00;12.60;0
570818;63.00;4716.00;12.69;0
571419;67.00;4112.00;12.69;0
571940;72.00;4391.00;12.69;0
574318;88.00;4571.00;12.78;0
574916;91.00;4221.00;12.78;0
575530;93.00;4324.00;12.78;0
576132;97.00;4469.00;12.78;0
578381;95.00;3999.00;12.78;0
578898;92.00;3897.00;12.88;0
579498;90.00;3785.00;12.88;0
580109;87.00;3671.00;12.97;0
582334;76.00;3227.00;12.88;0
582933;71.00;3048.00;12.97;0
583544;67.00;2875.00;12.97;0
584144;63.00;2736.00;12.97;0
586465;53.00;2094.00;12.88;0
587066;52.00;2437.00;12.88;0
587586;52.00;3131.00;12.88;0
588206;46.00;2400.00;12.78;0
590549;46.00;2440.00;12.78;0
591166;47.00;2486.00;12.78;0
591767;51.00;2658.00;12.88;0
594156;53.00;2731.00;12.88;0
594766;56.00;2957.00;12.88;0
595364;61.00;3145.00;12.78;0
595965;63.00;3446.00;12.88;0
598282;72.00;3340.00;12.78;0
598885;72.00;3350.00;12.97;0
599486;71.00;3322.00;12.97;0
600107;71.00;3261.00;13.07;0
602423;67.00;3126.00;13.07;0
602942;67.00;3076.00;13.07;0
603592;66.00;3065.00;12.97;0
604248;72.00;3303.00;12.97;0
606641;71.00;3297.00;12.88;0
607242;71.00;3256.00;13.07;0
607894;71.00;3303.00;13.07;0
610256;67.00;3075.00;13.07;0
610858;63.00;2949.00;13.07;0
611458;61.00;2841.00;13.07;0
611978;60.00;2797.00;12.97;0
614425;57.00;2687.00;13.07;0
614944;58.00;2711.00;13.07;0
615603;58.00;2698.00;13.07;0
616204;57.00;2678.00;12.97;0
618489;57.00;2699.00;13.07;0
619008;60.00;2730.00;12.97;0
619609;61.00;2829.00;13.07;0
620209;62.00;2886.00;13.07;0
622514;71.00;3277.00;13.07;0
623114;71.00;3171.00;13.07;0
623634;71.00;3236.00;13.07;0
624234;70.00;3203.00;13.16;0
626518;57.00;2666.00;13.07;0
627173;51.00;2333.00;13.07;0
627775;43.00;2042.00;12.97;0
628397;20.00;1348.00;12.78;0
630712;15.00;1390.00;12.69;0
631363;11.00;1343.00;12.69;0
632015;7.00;1330.00;12.69;0
634375;10.00;1378.00;12.50;0
634980;10.00;1344.00;12.50;0
635630;8.00;1299.00;12.41;0
636267;5.00;1287.00;12.50;0
638662;5.00;1259.00;12.50;0
639261;3.00;1285.00;12.41;0
639913;3.00;1252.00;12.41;0
642439;0;1270.00;12.41;0
642961;0;1219.00;12.31;0
643565;0;1236.00;12.41;0
644168;0;1272.00;12.41;0
646514;0;1308.00;12.41;0
647082;0;1260.00;12.41;0
647681;0;1275.00;12.31;0
648285;0;1274.00;12.41;0
650537;0;1247.00;12.41;0
651186;0;1240.00;12.31;0
651836;0;1151.00;12.31;0
654288;0;1284.00;12.41;0
654894;0;1236.00;12.41;0
655494;0;1269.00;12.22;0
656014;0;1274.00;12.31;0
658450;0;1281.00;12.31;0
659047;0;1280.00;12.31;0
659659;0;1237.00;12.41;0
660259;0;1242.00;12.31;0
662559;0;1239.00;12.31;0
663210;0;1243.00;12.31;0
663861;0;1208.00;12.31;0
664422;0;1204.00;12.31;0
666717;0;1246.00;12.31;0
667367;0;1220.00;12.31;0
667967;0;1233.00;12.31;0
670442;0;1237.00;12.31;0
671042;0;1228.00;12.31;0
671655;0;1229.00;12.31;0
672255;0;1202.00;12.31;0
674504;0;1286.00;12.31;0
675023;0;1228.00;12.31;0
675675;0;1176.00;12.31;0
676331;0;1192.00;12.31;0
678693;0;1172.00;12.31;0
679292;0;1220.00;12.31;0
679891;0;1243.00;12.31;0
680493;0;1256.00;12.31;0
682749;0;1257.00;12.31;0
683401;0;1249.00;12.22;0
684053;0;1253.00;12.31;0
686390;0;1265.00;12.31;0
687041;0;1261.00;12.31;0
687640;0;1275.00;12.31;0
688211;0;1268.00;12.31;0
690526;0;1208.00;12.31;0
691044;0;1237.00;12.22;0
691640;0;1228.00;12.22;0
692212;0;1226.00;12.31;0
694523;0;1201.00;12.31;0
695092;0;1243.00;12.31;0
695746;0;1263.00;12.22;0
696395;0;1307.00;12.31;0
698743;0;1281.00;12.31;0
699345;0;1184.00;12.31;0
699945;0;1232.00;12.31;0
702313;0;1251.00;12.22;0
702914;0;1202.00;12.31;0
703566;0;2335.00;12.22;0
704088;0;2874.00;12.31;0
706421;48.00;3780.00;12.60;0
707026;56.00;4399.00;12.60;0
707627;61.00;4550.00;12.60;0
708237;68.00;4167.00;12.60;0
710553;87.00;4546.00;12.69;0
711123;90.00;4167.00;12.69;0
711724;93.00;4350.00;12.60;0
712350;102.00;4313.00;12.69;0
714719;102.00;4368.00;12.78;0
715370;103.00;4391.00;12.78;0
715974;105.00;4433.00;12.69;0
718332;105.00;4415.00;12.78;0
718931;105.00;4431.00;12.78;0
719532;105.00;4456.00;12.88;0
720053;105.00;4456.00;12.88;0
722426;103.00;4370.00;12.97;0
723025;102.00;4316.00;12.88;0
723623;101.00;4283.00;12.88;0
724144;101.00;4258.00;12.78;0
726587;100.00;4217.00;12.97;0
727107;100.00;4249.00;12.97;0
727707;100.00;4227.00;12.97;0
728313;101.00;4292.00;12.97;0
730572;102.00;4350.00;12.97;0
731162;102.00;4344.00;12.97;0
731762;102.00;4317.00;12.97;0
732392;102.00;4353.00;13.07;0
734758;102.00;4350.00;12.97;0
735357;102.00;4347.00;13.07;0
735960;102.00;4362.00;13.07;0
738347;103.00;4403.00;13.07;0
738997;103.00;4417.00;12.97;0
739699;103.00;4386.00;13.07;0
740363;103.00;4359.00;13.07;0
742643;103.00;4409.00;13.07;0
743161;103.00;4380.00;13.07;0
743762;103.00;4396.00;12.97;0
744399;103.00;4374.00;13.16;0
746763;102.00;4367.00;13.07;0
747361;102.00;4340.00;13.16;0
748014;102.00;4317.00;13.16;0
750381;100.00;4270.00;13.16;0
750980;100.00;4227.00;13.07;0
751684;98.00;4209.00;13.16;0
752292;98.00;4193.00;13.16;0
754706;98.00;4203.00;13.07;0
755305;98.00;4184.00;13.07;0
755905;100.00;4222.00;12.97;0
756512;100.00;4259.00;13.16;0
758849;101.00;4264.00;13.16;0
759500;100.00;4269.00;13.16;0
760152;101.00;4275.00;13.16;0
762576;101.00;4268.00;13.16;0
763176;100.00;4249.00;13.07;0
763828;100.00;4244.00;13.16;0
764556;100.00;4224.00;13.16;0
766819;100.00;4216.00;13.07;0
767418;100.00;4239.00;13.16;0
768021;100.00;4249.00;13.16;0
770404;100.00;4232.00;13.16;0
771002;100.00;4252.00;13.16;0
771601;100.00;4250.00;13.07;0
772123;100.00;4237.00;13.16;0
774509;101.00;4285.00;13.16;0
775133;101.00;4308.00;13.16;0
775796;102.00;4311.00;13.16;0
776396;102.00;4327.00;13.07;0
778686;103.00;4367.00;13.16;0
779205;103.00;4391.00;13.26;0
779806;103.00;4389.00;13.26;0
780410;103.00;4411.00;13.16;0
782770;103.00;4396.00;13.16;0
783375;102.00;4361.00;13.26;0
783975;101.00;4231.00;13.26;0
786413;88.00;3746.00;13.16;0
787015;83.00;3546.00;13.26;0
787666;78.00;3353.00;13.26;0
788236;75.00;3177.00;13.26;0
790624;57.00;2069.00;13.26;0
791142;51.00;1766.00;12.97;0
791742;48.00;2267.00;13.07;0
792349;45.00;1544.00;12.88;0
794674;42.00;2276.00;12.97;0
795243;46.00;2393.00;12.97;0
795892;50.00;2578.00;12.97;0
796497;58.00;3081.00;12.97;0
798836;62.00;3243.00;12.97;0
799434;66.00;3423.00;12.97;0
800085;71.00;3637.00;13.07;0
802531;81.00;4215.00;13.16;0
803184;81.00;4234.00;13.16;0
803785;80.00;4080.00;13.07;0
804386;77.00;3983.00;13.07;0
806700;82.00;4273.00;13.16;0
807219;86.00;4446.00;13.16;0
807833;88.00;4613.00;12.97;0
808537;96.00;4404.00;13.16;0
810901;98.00;4518.00;13.26;0
811506;100.00;4596.00;13.16;0
812114;98.00;4206.00;13.16;0
814449;102.00;4313.00;13.26;0
815104;102.00;4363.00;13.26;0
815704;102.00;4346.00;13.16;0
816225;102.00;4340.00;13.16;0
818562;101.00;4299.00;13.16;0
819208;100.00;4259.00;13.26;0
819811;100.00;4244.00;13.26;0
820414;100.00;4232.00;13.26;0
822668;98.00;4194.00;13.26;0
823237;98.00;4169.00;13.26;0
823888;97.00;4134.00;13.26;0
824545;97.00;4100.00;13.16;0
826862;96.00;4093.00;13.26;0
827461;96.00;4059.00;13.26;0
828062;95.00;3999.00;13.26;0
830455;87.00;4017.00;13.16;0
831061;88.00;4062.00;13.26;0
831712;90.00;4118.00;13.16;0
832233;88.00;4073.00;13.16;0
834636;82.00;3783.00;13.26;0
835237;80.00;3626.00;13.26;0
835841;76.00;3510.00;13.26;0
836562;72.00;3359.00;13.26;0
838898;56.00;2614.00;13.26;0
839499;53.00;2472.00;13.26;0
840101;52.00;1862.00;13.07;0
842449;41.00;3090.00;13.16;0
843047;35.00;2767.00;13.16;0
843646;30.00;2325.00;13.07;0
844248;25.00;1940.00;13.07;0
846558;13.00;1300.00;12.78;0
847158;11.00;1305.00;12.69;0
847761;10.00;1310.00;12.78;0
848371;7.00;1278.00;12.69;0
850644;0;1228.00;12.60;0
851246;0;1260.00;12.50;0
851847;0;1247.00;12.60;0
852538;0;1243.00;12.50;0
854886;0;1291.00;12.50;0
855486;0;1310.00;12.41;0
856085;0;1264.00;12.31;0
856662;0;1242.00;12.41;0
858983;0;1242.00;12.41;0
859581;0;1231.00;12.41;0
860233;0;1252.00;12.41;0
862540;0;1201.00;12.31;0
863140;0;1268.00;12.31;0
863791;0;1243.00;12.41;0
864312;0;1251.00;12.41;0
866716;0;1240.00;12.31;0
867285;0;1289.00;12.31;0
867948;0;1297.00;12.31;0
868557;0;1235.00;12.41;0
870907;0;1227.00;12.31;0
871518;0;1212.00;12.41;0
872120;0;1268.00;12.31;0
874486;0;1180.00;12.22;0
875136;0;1212.00;12.31;0
875838;0;1228.00;12.31;0
876443;0;1204.00;12.31;0
878745;0;2418.00;12.41;0
879266;0;2444.00;12.41;0
879871;18.00;2196.00;12.41;0
880452;27.00;3010.00;12.41;0
882758;40.00;3057.00;12.60;0
883276;37.00;2943.00;12.60;0
883876;35.00;2738.00;12.60;0
884476;32.00;2536.00;12.50;0
886777;30.00;2346.00;12.41;0
887295;31.00;2446.00;12.50;0
887903;31.00;2372.00;12.60;0
888466;28.00;2264.00;12.60;0
890761;21.00;1419.00;12.50;0
891285;15.00;1274.00;12.31;0
891888;11.00;1242.00;12.31;0
892540;8.00;1285.00;12.31;0
894841;27.00;2093.00;12.41;0
895363;32.00;2561.00;12.50;0
895966;38.00;2998.00;12.50;0
896588;47.00;2946.00;12.60;0
898914;52.00;3207.00;12.60;0
899513;55.00;3037.00;12.69;0
900116;57.00;2975.00;12.50;0
900717;66.00;3469.00;12.69;0
903008;67.00;3505.00;12.60;0
903608;66.00;3506.00;12.69;0
904208;66.00;3225.00;12.69;0
906523;67.00;3171.00;12.60;0
907123;66.00;3054.00;12.78;0
907723;65.00;2933.00;12.60;0
908325;65.00;2966.00;12.60;0
910622;55.00;2527.00;12.69;0
911325;55.00;2573.00;12.69;0
911978;58.00;2691.00;12.69;0
912597;72.00;3358.00;12.69;0
914986;73.00;2703.00;12.69;0
915586;72.00;3066.00;12.78;0
916188;71.00;3029.00;12.78;0
918536;58.00;2494.00;12.78;0
919137;55.00;2375.00;12.60;0
919789;53.00;2280.00;12.78;0
920311;52.00;2240.00;12.69;0
922767;55.00;2528.00;12.60;0
923417;53.00;2485.00;12.69;0
924021;52.00;2411.00;12.69;0
924638;55.00;2574.00;12.60;0
926969;56.00;2616.00;12.60;0
927570;56.00;2577.00;12.69;0
928221;55.00;2532.00;12.60;0
930592;45.00;2090.00;12.60;0
931247;45.00;2087.00;12.60;0
931846;45.00;2120.00;12.60;0
932415;45.00;2144.00;12.60;0
934750;55.00;2502.00;12.60;0
935350;60.00;2689.00;12.60;0
936003;61.00;2834.00;12.69;0
936631;65.00;2988.00;12.78;0
938978;63.00;2900.00;12.60;0
939581;62.00;2937.00;12.69;0
940183;62.00;2896.00;12.78;0
940788;60.00;2765.00;12.78;0
943069;58.00;2695.00;12.69;0
943720;57.00;2616.00;12.78;0
944370;55.00;2532.00;12.78;0
946688;56.00;2582.00;12.78;0
947286;57.00;2649.00;12.78;0
947887;60.00;2773.00;12.78;0
948406;62.00;2888.00;12.78;0
950891;71.00;3287.00;12.69;0
951409;75.00;3486.00;12.78;0
952010;73.00;3103.00;12.78;0
952663;75.00;3164.00;12.78;0
955033;75.00;3194.00;12.78;0
955683;76.00;3224.00;12.88;0
956284;76.00;3237.00;12.88;0
958596;76.00;3230.00;12.88;0
959247;76.00;3226.00;12.88;0
959846;76.00;3257.00;12.88;0
960421;77.00;3312.00;12.78;0
962753;60.00;2539.00;12.97;0
963403;50.00;2126.00;12.78;0
964018;47.00;1928.00;12.78;0
964622;47.00;2766.00;12.78;0
966876;60.00;2747.00;12.78;0
967395;58.00;2774.00;12.88;0
968006;57.00;2632.00;12.88;0
968606;56.00;2612.00;12.78;0
970857;55.00;2542.00;12.69;0
971375;51.00;2366.00;12.69;0
971973;50.00;2285.00;12.69;0
972576;50.00;2198.00;12.69;0
974877;45.00;2250.00;12.69;0
975447;46.00;2428.00;12.69;0
976050;48.00;2520.00;12.69;0
976675;45.00;2211.00;12.69;0
979098;41.00;2130.00;12.60;0
979697;40.00;1989.00;12.60;0
980296;37.00;2783.00;12.69;0
982648;33.00;2112.00;12.60;0
983249;33.00;1972.00;12.60;0
983899;37.00;2253.00;12.50;0
984425;40.00;2414.00;12.60;0
986732;51.00;3002.00;12.41;0
987331;47.00;2902.00;12.60;0
987932;48.00;3097.00;12.41;0
988452;51.00;2710.00;12.60;0
990772;65.00;3341.00;12.60;0
991421;65.00;3724.00;12.69;0
992023;68.00;3145.00;12.69;0
992631;67.00;3169.00;12.69;0
994891;72.00;3333.00;12.78;0
995410;73.00;3372.00;12.69;0
996012;73.00;3372.00;12.69;0
996660;71.00;3201.00;12.78;0
998942;67.00;3065.00;12.78;0
999459;65.00;2916.00;12.60;0
1000111;57.00;2568.00;12.78;0
1000721;35.00;1358.00;12.50;0
1003091;31.00;1673.00;12.50;0
1003794;30.00;1621.00;12.41;0
1004394;30.00;1528.00;12.41;0
1006856;26.00;1431.00;12.41;0
1007556;32.00;1927.00;12.41;0
1008256;38.00;2083.00;12.50;0
1008871;56.00;2873.00;12.60;0
1011141;53.00;2842.00;12.60;0
1011741;52.00;2818.00;12.60;0
1012343;51.00;2663.00;12.60;0
1014668;55.00;2830.00;12.50;0
1015349;55.00;2873.00;12.60;0
1016001;57.00;2868.00;12.60;0
1016606;56.00;2928.00;12.60;0
1018914;62.00;3245.00;12.69;0
1019436;66.00;3448.00;12.50;0
1020037;71.00;3696.00;12.69;0
1020688;76.00;3979.00;12.69;0
1022941;90.00;4165.00;12.50;0
1023460;95.00;4368.00;12.69;0
1024060;93.00;3992.00;12.69;0
1024633;93.00;3940.00;12.69;0
1026947;82.00;3467.00;12.78;0
1027516;76.00;3226.00;12.88;0
1028116;70.00;2997.00;12.78;0
1028769;55.00;2548.00;12.69;0
1031127;53.00;1777.00;12.69;0
1031776;52.00;4729.00;12.60;0
1032382;51.00;2427.00;12.69;0
1034867;52.00;1644.00;12.60;0
1035513;52.00;2973.00;12.69;0
1036127;53.00;2783.00;12.60;0
1036790;71.00;3693.00;12.69;0
1039138;72.00;3775.00;12.78;0
1039739;73.00;3846.00;12.78;0
1040396;75.00;3923.00;12.69;0
1042738;82.00;3836.00;12.69;0
1043338;85.00;3916.00;12.88;0
1043989;86.00;4000.00;12.88;0
1044508;88.00;4068.00;12.78;0
1046836;90.00;3784.00;12.88;0
1047439;90.00;3814.00;12.88;0
1048040;90.00;3804.00;12.88;0
1048655;90.00;3813.00;12.88;0
1050979;83.00;3540.00;12.88;0
1051498;81.00;3475.00;12.88;0
1052103;78.00;3339.00;12.97;0
1052781;67.00;2926.00;12.97;0
1055199;66.00;2828.00;12.97;0
1055799;63.00;2698.00;12.97;0
1056400;62.00;2749.00;12.97;0
1058749;61.00;2633.00;12.88;0
1059398;61.00;2562.00;12.88;0
1060000;60.00;2546.00;12.88;0
1060520;58.00;2496.00;12.88;0
1062940;58.00;2520.00;12.78;0
1063539;60.00;2554.00;12.88;0
1064153;61.00;3355.00;12.78;0
1064753;66.00;3051.00;12.88;0
1066993;77.00;3595.00;12.88;0
1067513;80.00;3672.00;12.88;0
1068170;81.00;3744.00;12.97;0
1068816;87.00;4030.00;12.97;0
1071180;86.00;3987.00;12.97;0
1071781;87.00;4001.00;12.97;0
1072441;85.00;3637.00;12.97;0
1074779;78.00;3300.00;12.97;0
1075379;75.00;3200.00;13.07;0
1075983;72.00;3110.00;13.07;0
1076504;71.00;3001.00;12.97;0
1078882;72.00;3072.00;12.97;0
1079481;73.00;3112.00;12.97;0
1080139;73.00;3133.00;12.97;0
1080820;76.00;3252.00;12.97;0
1083231;73.00;3164.00;12.97;0
1083836;73.00;3134.00;13.07;0
1084435;72.00;3093.00;13.07;0
1086778;68.00;2889.00;13.07;0
1087376;66.00;2856.00;13.07;0
1087975;66.00;2758.00;13.07;0
1088628;65.00;2779.00;12.97;0
1091081;67.00;2924.00;12.97;0
1091600;68.00;2908.00;12.97;0
1092204;70.00;2948.00;12.88;0
1092830;71.00;3002.00;12.97;0
1095181;71.00;3004.00;12.97;0
1095778;68.00;2897.00;12.97;0
1096379;66.00;2793.00;12.97;0
1098792;61.00;2574.00;12.97;0
1099392;58.00;2478.00;12.97;0
1100043;57.00;2461.00;12.97;0
1100564;56.00;2200.00;12.88;0
1102912;53.00;2474.00;12.88;0
1103565;55.00;2552.00;12.88;0
1104165;56.00;2580.00;12.88;0
1104778;52.00;2441.00;12.88;0
1107190;52.00;2455.00;12.78;0
1107840;52.00;2464.00;12.69;0
1108441;55.00;2514.00;12.69;0
1110807;56.00;2572.00;12.69;0
1111458;55.00;2555.00;12.69;0
1112109;55.00;2528.00;12.69;0
1112629;55.00;2531.00;12.78;0
1115017;58.00;2729.00;12.78;0
1115735;60.00;2780.00;12.88;0
1116387;60.00;2756.00;12.78;0
1116986;57.00;2653.00;12.69;0
1119282;58.00;2689.00;12.78;0
1119881;58.00;2728.00;12.78;0
1120584;60.00;2801.00;12.69;0
1122912;62.00;2864.00;12.69;0
1123511;61.00;2840.00;12.88;0
1124162;62.00;2889.00;12.78;0
1124765;62.00;2894.00;12.78;0
1127058;65.00;3025.00;12.88;0
1127628;66.00;3062.00;12.88;0
1128242;67.00;3122.00;12.88;0
1128905;67.00;3114.00;12.88;0
1131256;68.00;3152.00;12.97;0
1131854;67.00;3146.00;12.88;0
1132454;67.00;3117.00;12.97;0
1134806;70.00;3246.00;12.97;0
1135406;71.00;3319.00;12.97;0
1136008;70.00;3003.00;12.97;0
1136659;71.00;3026.00;12.88;0
1139013;73.00;3126.00;12.97;0
1139612;75.00;3183.00;12.88;0
1140225;75.00;3188.00;12.88;0
1140839;75.00;3204.00;12.88;0
1143096;77.00;3277.00;12.97;0
1143666;77.00;3273.00;13.07;0
1144317;77.00;3239.00;13.07;0
1144968;80.00;3374.00;13.07;0
1147323;80.00;3399.00;13.07;0
1147921;80.00;3397.00;12.97;0
1148571;80.00;3359.00;13.07;0
1150954;85.00;3567.00;13.07;0
1151569;86.00;3638.00;12.97;0
1152170;86.00;3663.00;13.07;0
1152797;87.00;3693.00;13.07;0
1155111;87.00;3696.00;12.97;0
1155628;86.00;3692.00;12.97;0
1156238;86.00;3673.00;13.07;0
1156802;86.00;3665.00;13.07;0
1159116;87.00;3709.00;12.97;0
1159636;87.00;3713.00;12.88;0
1160245;86.00;3685.00;12.97;0
1160867;86.00;3628.00;13.07;0
1163135;85.00;3605.00;13.07;0
1163705;85.00;3612.00;13.07;0
1164305;83.00;3587.00;13.16;0
1164922;78.00;3342.00;13.07;0
1167268;78.00;3323.00;13.07;0
1167868;78.00;3354.00;12.97;0
1168470;78.00;3342.00;13.07;0
1169061;78.00;3326.00;12.97;0
1171341;77.00;3268.00;12.97;0
1171942;76.00;3210.00;13.07;0
1172592;75.00;3221.00;12.97;0
1175070;71.00;2992.00;13.07;0
1175668;71.00;3048.00;13.07;0
1176282;68.00;3193.00;13.07;0
1176882;70.00;3249.00;13.07;0
1179131;77.00;3568.00;12.97;0
1179649;78.00;3583.00;13.07;0
1180302;78.00;3621.00;13.16;0
1180946;73.00;3393.00;12.97;0
1183310;72.00;3312.00;13.16;0
1183911;70.00;3411.00;13.16;0
1184510;70.00;3217.00;13.07;0
1186901;62.00;2907.00;12.97;0
1187499;61.00;2830.00;13.07;0
1188100;60.00;2777.00;13.07;0
1188752;61.00;2828.00;13.07;0
1191098;66.00;3089.00;13.07;0
1191747;68.00;3187.00;13.07;0
1192346;70.00;3240.00;12.97;0
1192958;72.00;3338.00;13.07;0
1195301;73.00;3410.00;12.97;0
1195953;75.00;3446.00;13.16;0
1196555;75.00;3422.00;13.07;0
1198892;76.00;3524.00;13.16;0
1199544;77.00;3568.00;13.16;0
1200143;78.00;3613.00;13.16;0
1200664;78.00;3628.00;13.16;0
1203120;82.00;3798.00;13.07;0
1203720;82.00;3822.00;13.07;0
1204334;83.00;3867.00;13.16;0
1204998;85.00;3925.00;12.88;0
1207349;86.00;3937.00;13.07;0
1208052;86.00;3955.00;13.07;0
1208660;85.00;3404.00;13.07;0
1211033;85.00;3591.00;13.07;0
1211631;86.00;3679.00;13.07;0
1212282;88.00;3763.00;12.97;0
1212882;90.00;3835.00;13.07;0
1215182;95.00;4010.00;13.07;0
1215697;95.00;4023.00;13.07;0
1216301;95.00;4048.00;12.97;0
1216920;95.00;4034.00;13.07;0
1219182;93.00;3967.00;12.97;0
1219702;93.00;3941.00;13.07;0
1220354;93.00;3974.00;13.07;0
1221055;92.00;3913.00;13.16;0
1223392;91.00;3886.00;13.16;0
1224039;91.00;3876.00;13.07;0
1224639;91.00;3870.00;13.07;0
1226957;90.00;3825.00;13.16;0
1227558;90.00;3797.00;13.16;0
1228161;88.00;3779.00;13.16;0
1228762;88.00;3767.00;13.16;0
1231206;87.00;3686.00;13.07;0
1231776;88.00;3754.00;13.07;0
1232482;88.00;3783.00;13.16;0
1233081;93.00;3982.00;13.07;0
1235403;95.00;4005.00;13.07;0
1236002;95.00;4030.00;13.16;0
1236602;96.00;4066.00;13.07;0
1238951;97.00;4150.00;13.16;0
1239600;98.00;4143.00;13.07;0
1240200;98.00;4172.00;13.16;0
1240771;98.00;4208.00;13.07;0
1243080;100.00;4251.00;13.26;0
1243688;100.00;4275.00;12.97;0
1244288;100.00;4219.00;13.16;0
1244899;98.00;4160.00;13.16;0
1247198;92.00;3927.00;13.16;0
1247717;88.00;3712.00;13.16;0
1248316;83.00;3594.00;13.16;0
1248966;81.00;3415.00;13.16;0
1251210;76.00;3490.00;13.07;0
1251729;76.00;3476.00;12.97;0
1252331;76.00;3506.00;13.16;0
1252983;76.00;3525.00;13.07;0
1255218;76.00;3517.00;13.16;0
1255736;77.00;3540.00;13.16;0
1256376;77.00;3567.00;13.16;0
1256974;77.00;3593.00;13.16;0
1259307;80.00;3673.00;13.16;0
1259960;81.00;3729.00;13.16;0
1260561;81.00;3755.00;13.07;0
1261162;87.00;4010.00;13.07;0
1263420;88.00;4062.00;13.16;0
1264071;90.00;4137.00;13.16;0
1264673;91.00;4197.00;13.16;0
1267002;92.00;4295.00;13.16;0
1267602;93.00;4319.00;13.16;0
1268253;95.00;4353.00;13.16;0
1268771;93.00;4111.00;13.16;0
1271164;93.00;3947.00;13.16;0
1271764;92.00;3916.00;13.16;0
1272416;91.00;3867.00;13.16;0
1273045;87.00;3694.00;13.16;0
1275388;86.00;3667.00;13.16;0
1276039;86.00;3635.00;13.16;0
1276639;85.00;3617.00;13.07;0
1278983;85.00;3579.00;13.16;0
1279634;83.00;3547.00;13.16;0
1280234;82.00;3506.00;13.16;0
1280809;80.00;3386.00;12.97;0
1283185;70.00;3116.00;13.16;0
1283783;66.00;3442.00;13.16;0
1284432;63.00;3313.00;13.16;0
1285036;61.00;3484.00;12.97;0
1287374;52.00;2970.00;13.16;0
1288028;47.00;3713.00;13.16;0
1288629;47.00;3413.00;13.16;0
1289222;43.00;3385.00;13.16;0
1291496;45.00;3544.00;13.16;0
1292099;47.00;3726.00;13.16;0
1292755;50.00;3884.00;13.07;0
1295141;53.00;3346.00;13.16;0
1295793;53.00;3280.00;13.07;0
1296455;52.00;3244.00;13.16;0
1297091;50.00;3030.00;13.16;0
1299458;48.00;3030.00;13.16;0
1300059;48.00;2966.00;13.16;0
1300716;48.00;2962.00;13.07;0
1303048;48.00;2972.00;12.97;0
1303696;48.00;2952.00;13.16;0
1304296;47.00;2921.00;12.97;0
1304866;47.00;2916.00;13.07;0
1307201;47.00;2913.00;13.16;0
1307798;47.00;2883.00;13.16;0
1308450;46.00;2820.00;12.97;0
1309087;40.00;2439.00;12.97;0
1311424;36.00;1494.00;12.88;0
1312075;32.00;2016.00;12.78;0
1312735;27.00;2202.00;12.88;0
1315180;30.00;2312.00;12.78;0
1315780;31.00;2420.00;12.60;0
1316382;32.00;2538.00;12.60;0
1316992;33.00;2621.00;12.78;0
1319294;33.00;2585.00;12.78;0
1319812;31.00;2496.00;12.78;0
1320411;30.00;2418.00;12.69;0
1321011;28.00;2278.00;12.78;0
1323306;21.00;1515.00;12.69;0
1323824;18.00;1355.00;12.60;0
1324423;17.00;1394.00;12.60;0
1325024;16.00;1382.00;12.60;0
1327301;0;1314.00;12.50;0
1327821;0;1366.00;12.50;0
1328424;0;1300.00;12.50;0
1329076;0;2692.00;12.60;0
1331310;12.00;1454.00;12.50;0
1331882;13.00;1434.00;12.50;0
1332533;13.00;1469.00;12.50;0
1333149;15.00;1415.00;12.50;0
1335486;15.00;1457.00;12.50;0
1336137;13.00;1435.00;12.41;0
1336794;12.00;1400.00;12.50;0
1339162;12.00;1457.00;12.41;0
1339811;13.00;1493.00;12.41;0
1340411;13.00;1584.00;12.41;0
1341027;15.00;1661.00;12.41;0
1343349;13.00;1438.00;12.41;0
1343867;12.00;1374.00;12.41;0
1344474;10.00;1265.00;12.31;0
1345112;7.00;1216.00;12.41;0
1347416;7.00;1242.00;12.31;0
1348014;6.00;1252.00;12.31;0
1348614;7.00;1306.00;12.31;0
1351041;7.00;1284.00;12.41;0
1351641;7.00;1285.00;12.31;0
1352289;6.00;1326.00;12.31;0
1352892;7.00;1257.00;12.31;0
1355253;8.00;1355.00;12.41;0
1355858;8.00;1281.00;12.31;0
1356460;8.00;1268.00;12.31;0
1357126;7.00;1266.00;12.31;0
1359455;8.00;1271.00;12.22;0
1360105;7.00;1283.00;12.31;0
1360708;6.00;1234.00;12.31;0
1363024;5.00;1231.00;12.31;0
1363620;3.00;1206.00;12.31;0
1364219;2.00;1266.00;12.31;0
1364821;0;1268.00;12.31;0
1367129;0;1202.00;12.31;0
1367729;0;1253.00;12.22;0
1368382;0;1291.00;12.22;0
1368905;0;1359.00;12.31;0
1371275;0;1269.00;12.22;0
1371875;0;1255.00;12.31;0
1372478;0;1256.00;12.31;0
1373140;0;1322.00;12.22;0
1375486;0;1235.00;12.31;0
1376102;0;1324.00;12.31;0
1376699;0;1318.00;12.22;0
1379056;0;1260.00;12.31;0
1379662;0;1289.00;12.31;0
1380311;0;1272.00;12.31;0
1380910;0;1247.00;12.31;0
1383213;0;1282.00;12.22;0
1383862;0;1223.00;12.22;0
1384464;0;1188.00;12.31;0
1385043;0;1194.00;12.31;0
1387290;0;1172.00;12.22;0
1387889;0;1218.00;12.31;0
1388493;0;1274.00;12.22;0
1389179;0;1257.00;12.12;0
1389836;0;1236.00;12.22;0
1390479;0;1243.00;12.31;0
1391082;0;1249.00;12.22;0
1391607;0;1252.00;12.12;0
1392212;0;1198.00;12.22;0
1392817;0;1265.00;12.22;0
1393419;0;1274.00;12.22;0
1393939;0;1229.00;12.31;0
1394543;0;628.00;12.22;0
1395145;0;0;12.31;0
1395796;0;0;12.31;0
1396491;0;0;12.31;0
1397084;0;0;12.31;0
1397729;0;0;12.31;0
1398322;0;0;12.41;0
1398918;0;0;12.41;0
