##;##
#2011-09-04 09:48:32
#GS-911 Mobile WM5 V1009.2
#F800GS
#BMS-KP2
Time (ms);Speed( km/h);RPM;Battery voltage( V);Start switch
483;0;0;12.50;0
1048;0;0;12.50;0
1662;0;0;12.50;0
2222;0;0;12.50;0
2783;0;0;12.50;0
3349;0;0;12.50;0
3912;0;0;12.50;0
4446;0;0;10.61;1
5116;0;1980.00;11.84;0
5709;0;1595.00;12.31;0
6280;0;1432.00;12.31;0
6897;0;1351.00;12.22;0
7517;0;1351.00;12.41;0
8088;0;1323.00;12.41;0
8653;0;1346.00;12.41;0
9218;0;1323.00;12.41;0
9783;0;1346.00;12.41;0
10350;0;1338.00;12.50;0
10921;0;1323.00;12.41;0
11411;0;1299.00;12.50;0
12033;0;1342.00;12.41;0
12606;0;1340.00;12.50;0
13177;0;1287.00;12.41;0
13746;0;1362.00;12.41;0
14386;0;1329.00;12.50;0
