##;##
#2011-09-04 09:50:57
#GS-911 Mobile WM5 V1009.2
#F800GS
#BMS-KP2
Time (ms);Speed( km/h);RPM;Battery voltage( V);Start switch
651;0;1276.00;12.41;0
1257;0;1243.00;12.50;0
1866;0;1299.00;12.50;0
2470;0;1289.00;12.50;0
2993;0;1313.00;12.41;0
3649;0;1290.00;12.41;0
4205;0;1305.00;12.41;0
4812;0;1324.00;12.41;0
5414;0;1274.00;12.41;0
5986;0;1281.00;12.41;0
6640;0;1293.00;12.41;0
7242;0;1279.00;12.41;0
7844;0;1297.00;12.41;0
8447;0;1303.00;12.41;0
8971;0;1303.00;12.41;0
9576;0;1285.00;12.41;0
10194;0;1275.00;12.50;0
10798;0;1247.00;12.31;0
11406;0;1659.00;12.41;0
11934;0;93.00;12.41;0
12537;2.00;50.00;12.31;0
13196;0;0;12.41;0
13854;0;0;8.71;1
14459;0;475.00;11.17;0
15057;2.00;1518.00;12.31;0
15672;2.00;1838.00;12.41;0
16283;6.00;2626.00;12.41;0
16893;13.00;2123.00;12.50;0
17508;20.00;2295.00;12.31;0
18090;26.00;2948.00;12.60;0
18752;32.00;3514.00;12.50;0
19412;31.00;2497.00;12.60;0
20026;33.00;2582.00;12.60;0
20635;37.00;2876.00;12.60;0
21243;40.00;3094.00;12.69;0
21807;41.00;3228.00;12.69;0
22415;41.00;3263.00;12.69;0
23070;42.00;3324.00;12.69;0
23646;43.00;3337.00;12.60;0
24258;42.00;3380.00;12.78;0
24868;42.00;3310.00;12.78;0
25473;43.00;3329.00;12.69;0
26002;41.00;3120.00;12.69;0
26660;37.00;2884.00;12.69;0
27267;35.00;2714.00;12.78;0
27831;36.00;2787.00;12.88;0
28494;35.00;2727.00;12.78;0
29025;31.00;2502.00;12.88;0
29685;28.00;2282.00;12.88;0
30292;27.00;2134.00;12.69;0
30900;26.00;2127.00;12.69;0
31511;27.00;2133.00;12.78;0
32040;28.00;2251.00;12.78;0
32650;30.00;2364.00;12.78;0
33257;32.00;2529.00;12.88;0
33867;32.00;2549.00;12.88;0
34520;33.00;2609.00;12.88;0
35050;33.00;2668.00;12.88;0
35704;32.00;2657.00;12.88;0
36366;31.00;2414.00;12.88;0
37027;25.00;1893.00;12.88;0
37636;18.00;1424.00;12.78;0
38246;16.00;1279.00;12.78;0
38904;15.00;1332.00;12.69;0
39515;13.00;1503.00;12.78;0
40146;12.00;1250.00;12.69;0
40806;12.00;1441.00;12.69;0
41460;16.00;1828.00;12.69;0
42036;18.00;1517.00;12.69;0
42640;22.00;2199.00;12.78;0
43250;23.00;2138.00;12.69;0
43863;27.00;2139.00;12.69;0
44471;30.00;2353.00;12.78;0
45002;35.00;2749.00;12.69;0
45613;41.00;3200.00;12.78;0
46225;46.00;3569.00;12.78;0
46835;48.00;3739.00;12.69;0
47497;46.00;3596.00;12.97;0
48026;43.00;3392.00;12.88;0
48637;41.00;3174.00;12.97;0
49246;41.00;3222.00;12.88;0
49902;41.00;3211.00;12.78;0
50508;42.00;3298.00;12.97;0
51038;42.00;2671.00;12.97;0
51642;45.00;2727.00;12.97;0
52268;46.00;2689.00;12.78;0
52877;45.00;2809.00;12.97;0
53486;46.00;2859.00;12.97;0
54063;47.00;2950.00;12.97;0
54722;47.00;2862.00;13.07;0
55381;47.00;2875.00;12.97;0
55992;47.00;2813.00;13.07;0
56597;46.00;2816.00;12.97;0
57314;46.00;2806.00;13.07;0
57921;46.00;2867.00;13.07;0
58575;47.00;2918.00;13.07;0
59239;50.00;3102.00;13.07;0
59845;53.00;3275.00;13.07;0
60451;57.00;3288.00;13.07;0
61058;57.00;3059.00;13.16;0
61669;60.00;3024.00;13.16;0
62280;58.00;3061.00;13.16;0
62885;58.00;3013.00;13.16;0
63489;56.00;2941.00;13.07;0
64020;51.00;2701.00;13.16;0
64631;48.00;2575.00;13.16;0
65245;48.00;2514.00;13.07;0
65849;43.00;2278.00;13.07;0
66455;37.00;1973.00;13.07;0
67064;33.00;1373.00;12.97;0
67679;32.00;1896.00;12.97;0
68287;30.00;1819.00;13.07;0
68948;27.00;1318.00;12.78;0
69507;26.00;1275.00;12.78;0
70084;22.00;1718.00;12.88;0
70693;21.00;1706.00;12.88;0
71300;21.00;1665.00;12.88;0
71908;21.00;1708.00;12.78;0
72566;22.00;1788.00;12.88;0
73096;25.00;1997.00;12.97;0
73708;27.00;2190.00;12.88;0
74321;32.00;2486.00;12.97;0
74980;35.00;2768.00;12.97;0
75639;38.00;2987.00;12.97;0
76299;40.00;2103.00;12.88;0
76962;40.00;2598.00;12.97;0
77620;41.00;2485.00;12.97;0
78224;40.00;2456.00;13.07;0
78835;40.00;2589.00;12.97;0
79493;41.00;2501.00;13.07;0
80025;42.00;2394.00;12.88;0
80635;41.00;2483.00;12.97;0
81244;40.00;2463.00;12.97;0
81904;41.00;2538.00;13.07;0
82564;42.00;2635.00;13.07;0
83140;45.00;2745.00;13.07;0
83748;46.00;2810.00;12.97;0
84359;46.00;2778.00;12.88;0
84966;45.00;2761.00;13.16;0
85581;43.00;2692.00;13.07;0
86161;42.00;2649.00;13.16;0
86771;43.00;2773.00;13.07;0
87434;45.00;2676.00;13.07;0
88093;43.00;2696.00;12.97;0
88754;42.00;2658.00;13.07;0
89417;41.00;2505.00;13.16;0
90029;37.00;2338.00;13.07;0
90639;36.00;2215.00;13.07;0
91247;33.00;2082.00;13.07;0
91868;32.00;2007.00;13.07;0
92474;33.00;1972.00;13.07;0
93100;31.00;1921.00;12.97;0
93710;31.00;2019.00;13.07;0
94319;32.00;1858.00;12.97;0
94929;33.00;2105.00;12.97;0
95585;36.00;2182.00;13.07;0
96167;37.00;2387.00;12.97;0
96780;40.00;2430.00;12.97;0
97386;40.00;2538.00;13.07;0
98045;40.00;2443.00;13.07;0
98647;38.00;2406.00;13.07;0
99254;37.00;2346.00;12.97;0
99864;36.00;2192.00;12.88;0
100477;35.00;2130.00;12.97;0
101085;30.00;1897.00;12.97;0
101694;27.00;1252.00;12.88;0
102306;25.00;1922.00;12.88;0
102913;22.00;1744.00;12.88;0
103522;20.00;1275.00;12.78;0
104056;17.00;1384.00;12.88;0
104716;13.00;1548.00;12.88;0
105323;11.00;1209.00;12.69;0
105932;6.00;1248.00;12.69;0
106544;0;1276.00;12.69;0
107071;0;1226.00;12.60;0
107678;0;1195.00;12.60;0
108283;0;1277.00;12.60;0
108906;0;1239.00;12.60;0
109511;0;1240.00;12.50;0
110119;0;1272.00;12.60;0
110724;0;1294.00;12.50;0
111383;0;1252.00;12.41;0
112042;0;1241.00;12.50;0
112701;0;1299.00;12.60;0
113306;0;1305.00;12.41;0
113914;0;1262.00;12.50;0
114573;0;1263.00;12.50;0
115098;0;1264.00;12.41;0
115757;0;1268.00;12.41;0
116363;0;1281.00;12.50;0
117020;0;1264.00;12.50;0
117626;0;1247.00;12.41;0
118202;0;1263.00;12.50;0
118810;0;1244.00;12.50;0
119476;0;2796.00;12.41;0
120084;8.00;2312.00;12.41;0
120691;11.00;1249.00;12.50;0
121305;16.00;2016.00;12.60;0
121971;21.00;2377.00;12.60;0
122582;25.00;2739.00;12.60;0
123158;28.00;3165.00;12.69;0
123821;31.00;3412.00;12.69;0
124427;32.00;3600.00;12.78;0
125016;36.00;4040.00;12.60;0
125680;40.00;3154.00;12.60;0
126291;45.00;3455.00;12.78;0
126902;48.00;3757.00;12.78;0
127512;51.00;3991.00;12.78;0
128171;52.00;4065.00;12.69;0
128780;48.00;3776.00;12.78;0
129440;43.00;3373.00;12.88;0
130052;38.00;3018.00;12.97;0
130667;33.00;2637.00;12.88;0
131278;30.00;2322.00;12.88;0
131885;26.00;2043.00;12.88;0
132494;22.00;1723.00;12.88;0
133101;20.00;1517.00;12.69;0
133730;17.00;1345.00;12.69;0
134391;13.00;1276.00;12.69;0
135051;10.00;1275.00;12.60;0
135663;8.00;1269.00;12.60;0
136267;6.00;1258.00;12.60;0
136924;3.00;1278.00;12.60;0
137580;0;1252.00;12.50;0
138113;0;1260.00;12.50;0
138717;0;1240.00;12.50;0
139321;0;1274.00;12.50;0
139924;0;1297.00;12.50;0
140527;0;1262.00;12.50;0
141133;0;1257.00;12.41;0
141789;0;1263.00;12.50;0
142397;0;1304.00;12.41;0
143007;0;1308.00;12.50;0
143663;0;1298.00;12.31;0
144191;0;1270.00;12.41;0
144846;0;1254.00;12.50;0
145505;0;1265.00;12.41;0
146111;0;1238.00;12.41;0
146713;0;1320.00;12.50;0
147324;0;1311.00;12.31;0
147934;0;1262.00;12.22;0
148542;0;1249.00;12.41;0
149148;0;1207.00;12.31;0
149753;0;1308.00;12.41;0
150364;0;1232.00;12.41;0
151017;0;1269.00;12.41;0
151621;0;1219.00;12.41;0
152145;0;1211.00;12.41;0
152748;0;1273.00;12.50;0
153356;0;1266.00;12.41;0
153962;0;1302.00;12.41;0
154623;0;1269.00;12.31;0
155148;0;1277.00;12.31;0
155805;0;1263.00;12.41;0
156410;0;1278.00;12.31;0
157021;0;1280.00;12.41;0
157635;0;1258.00;12.41;0
158159;0;1257.00;12.41;0
158813;0;1243.00;12.41;0
159416;0;1240.00;12.41;0
160018;0;1278.00;12.41;0
160620;0;1193.00;12.31;0
161197;0;3040.00;12.50;0
161804;0;2752.00;12.41;0
162415;10.00;2147.00;12.60;0
163030;13.00;1810.00;12.60;0
163638;16.00;1829.00;12.50;0
164169;18.00;2004.00;12.60;0
164832;22.00;2508.00;12.60;0
165441;26.00;2949.00;12.60;0
166051;30.00;3328.00;12.60;0
166659;33.00;3811.00;12.60;0
167187;38.00;3638.00;12.78;0
167847;45.00;3506.00;12.78;0
168455;51.00;4017.00;12.69;0
169065;56.00;4401.00;12.78;0
169685;60.00;4674.00;12.88;0
170214;63.00;4929.00;12.88;0
170874;67.00;5255.00;12.88;0
171533;71.00;5569.00;12.69;0
172155;73.00;5755.00;12.88;0
172816;76.00;5844.00;12.88;0
173473;76.00;5873.00;12.78;0
174079;76.00;5915.00;12.78;0
174695;76.00;5891.00;12.88;0
175273;76.00;5884.00;12.97;0
175879;76.00;5877.00;13.07;0
176487;76.00;5858.00;12.97;0
177145;75.00;5838.00;13.07;0
177806;75.00;5846.00;13.07;0
178460;75.00;5750.00;13.07;0
179064;70.00;5352.00;13.16;0
