##;##
#2012-02-03 03:27:04
#GS-911 Mobile WM5 V1009.2
#F800GS
#BMS-KP2
Time (ms);Speed( km/h);RPM;Intake air temperature( °C);Engine temperature( °C);Gear position
1304;70.00;3007.00;18.75;82.50;6.00
2611;66.00;2827.00;18.75;82.50;6.00
3866;70.00;2948.00;18.75;82.50;6.00
5193;60.00;2309.00;18.75;82.50;6.00
6458;46.00;2429.00;18.75;82.50;4.00
7716;28.00;1545.00;18.75;82.50;3.00
9075;13.00;1398.00;18.75;82.50;2.00
10391;3.00;1303.00;18.75;82.50;0
11696;0;1312.00;18.75;82.50;0
13000;0;1276.00;18.75;82.50;0
14323;0;1283.00;18.75;82.50;0
15571;0;1274.00;18.75;82.50;0
16868;0;1238.00;18.75;83.25;0
18043;0;1253.00;18.75;83.25;0
19291;0;1263.00;18.75;83.25;0
20588;0;1246.00;18.75;84.00;0
21840;0;1222.00;18.75;84.00;0
23008;0;1238.00;18.75;84.00;0
24270;0;1243.00;18.75;84.00;0
25519;0;1245.00;18.75;84.75;0
26823;0;1240.00;18.75;84.75;0
27990;0;1175.00;18.75;84.75;0
29292;0;1190.00;18.75;84.75;0
30539;0;1264.00;18.75;84.75;0
31791;0;1214.00;18.75;85.50;0
33092;0;1217.00;18.75;85.50;0
34339;0;1248.00;18.75;85.50;0
35686;0;1248.00;18.75;85.50;0
36982;0;1251.00;18.75;85.50;0
38291;0;1257.00;18.75;85.50;0
39473;0;1249.00;18.75;85.50;0
40666;0;1239.00;18.75;85.50;0
41918;0;1236.00;18.75;85.50;0
43102;0;1238.00;18.75;85.50;0
44354;0;1256.00;18.75;85.50;0
45601;0;1236.00;18.75;85.50;0
46802;0;1229.00;18.75;85.50;0
48050;0;1231.00;18.75;85.50;0
49299;0;1181.00;18.75;85.50;0
50544;0;1282.00;18.75;85.50;0
51740;0;1239.00;18.75;85.50;0
52989;0;1176.00;18.75;85.50;0
54238;0;1270.00;18.75;85.50;0
55637;0;1252.00;18.75;85.50;0
56835;0;1264.00;18.75;85.50;0
58083;0;1235.00;18.75;85.50;0
59331;0;1200.00;18.75;85.50;0
60587;0;1261.00;18.75;85.50;0
61888;0;1236.00;18.75;85.50;0
63009;0;1228.00;18.75;86.25;0
64261;0;1233.00;18.75;86.25;0
65511;0;1247.00;18.75;86.25;0
66810;0;1240.00;18.75;86.25;1
68063;13.00;2457.00;18.75;86.25;1
69330;47.00;5274.00;18.75;86.25;1
70505;72.00;7301.00;18.75;87.00;2.00
71770;98.00;7718.00;18.75;87.00;2.00
73024;113.00;6883.00;18.75;87.00;3.00
74234;116.00;5758.00;18.75;87.00;5.00
75489;116.00;4941.00;18.75;87.00;6.00
76738;113.00;4784.00;18.75;87.00;6.00
77994;112.00;4781.00;18.75;86.25;6.00
79362;115.00;4841.00;18.75;85.50;6.00
80616;113.00;4794.00;18.75;85.50;6.00
81977;112.00;4768.00;18.75;84.75;6.00
83255;111.00;4698.00;18.75;84.00;6.00
84511;110.00;4667.00;18.75;84.00;6.00
85767;111.00;4708.00;18.75;83.25;6.00
87074;112.00;4725.00;18.75;82.50;6.00
88333;118.00;5019.00;18.75;82.50;6.00
89585;126.00;5328.00;18.75;81.75;6.00
90943;130.00;5489.00;18.75;81.00;6.00
92177;127.00;5325.00;18.75;81.00;6.00
93536;120.00;5018.00;18.75;81.00;6.00
94844;113.00;4792.00;18.75;80.25;6.00
96151;110.00;4626.00;18.75;80.25;6.00
97356;102.00;4326.00;18.75;80.25;6.00
98660;93.00;3976.00;18.75;80.25;6.00
99912;87.00;3691.00;18.75;80.25;6.00
101082;81.00;3422.00;18.75;80.25;6.00
102390;71.00;3058.00;18.75;79.50;6.00
103748;63.00;2900.00;18.75;79.50;5.00
105055;57.00;2643.00;18.75;79.50;5.00
106408;51.00;2371.00;18.75;79.50;5.00
107660;43.00;2311.00;18.75;80.25;4.00
108922;36.00;2208.00;18.75;80.25;3.00
110149;36.00;2234.00;18.75;80.25;3.00
111498;40.00;2447.00;18.75;80.25;3.00
112751;46.00;2836.00;18.75;80.25;3.00
114007;47.00;2754.00;18.75;81.00;3.00
115185;42.00;2566.00;18.75;81.00;3.00
116393;32.00;2529.00;18.75;81.00;2.00
117569;26.00;2052.00;18.75;81.75;2.00
118841;22.00;1694.00;18.75;81.75;2.00
120094;18.00;1348.00;18.75;81.75;2.00
121601;15.00;1303.00;18.75;82.50;2.00
123215;12.00;1384.00;18.75;82.50;0
125895;10.00;1280.00;18.75;83.25;0
127147;8.00;1297.00;18.75;83.25;0
128381;6.00;1237.00;18.75;83.25;0
129632;3.00;1290.00;18.75;84.00;0
131042;0;1275.00;18.75;84.00;0
132409;0;1261.00;18.75;84.00;0
133579;0;1277.00;18.75;84.00;0
134827;0;1249.00;18.75;84.75;0
136030;0;1201.00;18.75;84.75;0
137167;0;1253.00;18.75;84.75;0
138423;0;1239.00;18.75;84.75;0
139776;0;1267.00;18.75;84.75;0
