##;##
#2012-03-25 06:04:49
#GS-911 Mobile WM5 V1009.2
#F800GS
#BMS-KP2
Time (ms);Speed( km/h);RPM;Sidestand switch 1;Sidestand switch 2;Sidestand switch calculated
672;0;1399.00;0;1;0
1244;0;1344.00;0;1;0
1812;0;1357.00;0;1;0
2381;0;1374.00;0;1;0
2950;0;1388.00;0;1;0
3519;0;1394.00;0;1;0
4090;0;1387.00;0;1;0
4655;0;1362.00;0;1;0
5223;0;1366.00;0;1;0
5894;0;1366.00;0;1;0
6460;0;1353.00;0;1;0
7077;0;1390.00;0;1;0
7695;0;1362.00;0;1;0
8264;0;1387.00;0;1;0
8750;0;1424.00;0;1;0
9319;0;1427.00;0;1;0
9886;0;1418.00;0;1;0
10454;0;1392.00;0;1;0
10979;0;1405.00;0;1;0
11547;0;1393.00;0;1;0
12034;0;1399.00;0;1;0
12602;0;1384.00;0;1;0
13140;0;1378.00;0;1;0
13761;0;1392.00;0;1;0
14327;0;1378.00;0;1;0
14950;0;1366.00;0;1;0
15524;0;1362.00;0;1;0
16092;0;1379.00;0;1;0
16659;0;1366.00;0;1;0
17227;0;1371.00;0;1;0
17762;0;1350.00;0;1;0
18380;0;1397.00;0;1;0
18953;0;1358.00;0;1;0
19576;0;1353.00;0;1;0
20062;0;1376.00;0;1;0
20631;0;1352.00;0;1;0
21120;0;1386.00;0;1;0
21688;0;1390.00;0;1;0
22269;0;1396.00;0;1;0
22897;0;1357.00;0;1;0
23466;0;1362.00;0;1;0
24037;0;1371.00;0;1;0
24605;0;1386.00;1;0;1
25170;0;1380.00;1;0;1
25788;0;1353.00;1;0;1
26358;0;1366.00;1;0;1
26980;0;1376.00;1;0;1
27548;0;1364.00;1;0;1
28164;0;1368.00;1;0;1
28732;0;1388.00;1;0;1
29297;0;1377.00;1;0;1
29867;0;1374.00;1;0;1
30437;0;1324.00;1;0;1
31006;0;1371.00;1;0;1
31574;0;1364.00;1;0;1
32061;0;1384.00;1;0;1
32630;0;1394.00;1;0;1
33119;0;1304.00;1;0;1
33685;0;1398.00;1;0;1
34302;0;1371.00;1;0;1
34870;0;1310.00;1;0;1
35490;0;1364.00;1;0;1
36058;0;1363.00;1;0;1
36626;0;1329.00;1;0;1
37165;0;1378.00;1;0;1
37786;0;1520.00;1;0;1
38354;0;1480.00;1;0;1
38925;0;1535.00;1;0;1
39545;0;2624.00;1;0;1
40166;0;1944.00;1;0;1
40735;3.00;1553.00;1;0;1
41307;3.00;2142.00;1;0;1
41928;6.00;1504.00;1;0;1
42501;5.00;1572.00;1;0;1
43075;5.00;1546.00;1;0;1
43694;6.00;1777.00;1;0;1
44267;6.00;1831.00;1;0;1
44836;7.00;1420.00;1;0;1
45464;8.00;1581.00;1;0;1
46037;8.00;1636.00;1;0;1
46606;8.00;1453.00;1;0;1
47095;7.00;1380.00;1;0;1
47669;7.00;1365.00;1;0;1
48160;6.00;1364.00;1;0;1
48807;6.00;1662.00;1;0;1
49462;10.00;1435.00;1;0;1
50077;13.00;1620.00;1;0;1
50683;15.00;1696.00;1;0;1
51211;17.00;1904.00;1;0;1
51875;17.00;1922.00;1;0;1
52479;18.00;2112.00;1;0;1
53086;18.00;2115.00;1;0;1
53692;20.00;2230.00;1;0;1
54300;23.00;2668.00;1;0;1
54824;28.00;3053.00;1;0;1
55432;30.00;2681.00;1;0;1
56042;33.00;2648.00;1;0;1
56649;36.00;2832.00;1;0;1
57175;38.00;3004.00;1;0;1
57833;37.00;2923.00;1;0;1
58446;35.00;2718.00;1;0;1
59053;32.00;2536.00;1;0;1
59709;31.00;2506.00;1;0;1
60317;32.00;2480.00;1;0;1
60922;31.00;2464.00;1;0;1
61531;31.00;2405.00;1;0;1
62135;30.00;2270.00;1;0;1
62792;26.00;2067.00;1;0;1
63401;22.00;1763.00;1;0;1
64016;17.00;1478.00;1;0;1
64674;13.00;1428.00;1;0;1
65201;8.00;1454.00;1;0;1
65810;7.00;1445.00;1;0;1
66415;5.00;1381.00;1;0;1
67025;5.00;1864.00;1;0;1
67680;7.00;2001.00;1;0;1
68208;13.00;1846.00;1;0;1
68821;18.00;2126.00;1;0;1
69429;22.00;2511.00;1;0;1
70041;27.00;2994.00;1;0;1
70702;31.00;3422.00;1;0;1
71229;32.00;2561.00;1;0;1
71839;36.00;2855.00;1;0;1
72445;40.00;3145.00;1;0;1
73059;43.00;3409.00;1;0;1
73671;47.00;3659.00;1;0;1
74197;48.00;3018.00;1;0;1
74805;51.00;3138.00;1;0;1
75415;52.00;3253.00;1;0;1
76023;55.00;3368.00;1;0;1
76632;56.00;3157.00;1;0;1
77160;56.00;2985.00;1;0;1
77765;58.00;3090.00;1;0;1
78372;60.00;3106.00;1;0;1
78980;60.00;3122.00;1;0;1
79584;61.00;3152.00;1;0;1
80242;60.00;3133.00;1;0;1
80854;58.00;3064.00;1;0;1
81461;57.00;2993.00;1;0;1
82018;56.00;2902.00;1;0;1
82676;53.00;2814.00;1;0;1
83202;52.00;2722.00;1;0;1
83808;50.00;2615.00;1;0;1
84417;48.00;2510.00;1;0;1
85024;48.00;2508.00;1;0;1
85678;47.00;2497.00;1;0;1
86205;47.00;2549.00;1;0;1
86808;47.00;2432.00;1;0;1
87410;46.00;2424.00;1;0;1
88016;45.00;2363.00;1;0;1
88625;43.00;2277.00;1;0;1
89283;41.00;2522.00;1;0;1
89890;37.00;2314.00;1;0;1
90497;33.00;2078.00;1;0;1
91155;27.00;1703.00;1;0;1
91763;22.00;1533.00;1;0;1
92421;15.00;1409.00;1;0;1
93028;8.00;1420.00;1;0;1
93633;3.00;1350.00;1;0;1
94241;0;1332.00;1;0;1
94900;0;1281.00;1;0;1
95507;0;1362.00;1;0;1
96113;0;1371.00;1;0;1
96716;0;1388.00;1;0;1
97240;0;1340.00;1;0;1
97847;0;1341.00;1;0;1
98502;0;1291.00;1;0;1
99112;0;1325.00;1;0;1
99715;0;1338.00;1;0;1
100238;0;1350.00;1;0;1
100840;0;1353.00;1;0;1
101445;0;1296.00;1;0;1
102049;0;1344.00;1;0;1
102704;0;2003.00;1;0;1
103279;0;1752.00;1;0;1
103884;10.00;1659.00;1;0;1
104498;15.00;1953.00;1;0;1
105115;16.00;2101.00;1;0;1
105726;17.00;2055.00;1;0;1
106254;18.00;2219.00;1;0;1
106862;26.00;3158.00;1;0;1
107470;38.00;4229.00;1;0;1
108133;46.00;4582.00;1;0;1
108739;52.00;4143.00;1;0;1
109268;60.00;4613.00;1;0;1
109875;65.00;3986.00;1;0;1
110484;70.00;4315.00;1;0;1
111092;75.00;3861.00;1;0;1
111749;78.00;4079.00;1;0;1
112328;81.00;4095.00;1;0;1
112989;86.00;3952.00;1;0;1
113597;87.00;3716.00;1;0;1
114254;88.00;3794.00;1;0;1
114861;90.00;3841.00;1;0;1
115468;90.00;3829.00;1;0;1
116073;90.00;3806.00;1;0;1
116680;90.00;3750.00;1;0;1
117266;88.00;3787.00;1;0;1
117872;88.00;3795.00;1;0;1
118480;90.00;3814.00;1;0;1
119089;90.00;3809.00;1;0;1
119692;88.00;3772.00;1;0;1
120219;88.00;3773.00;1;0;1
120826;88.00;3755.00;1;0;1
121445;88.00;3774.00;1;0;1
122051;90.00;3787.00;1;0;1
122709;88.00;3768.00;1;0;1
123286;90.00;3796.00;1;0;1
123944;90.00;3835.00;1;0;1
124557;91.00;3866.00;1;0;1
125168;91.00;3870.00;1;0;1
125782;92.00;3938.00;1;0;1
126309;93.00;3965.00;1;0;1
126920;93.00;3970.00;1;0;1
127576;93.00;3973.00;1;0;1
128180;93.00;3983.00;1;0;1
128786;93.00;3978.00;1;0;1
129391;95.00;4010.00;1;0;1
129968;95.00;4026.00;1;0;1
130628;95.00;4019.00;1;0;1
131242;95.00;4033.00;1;0;1
131848;95.00;4017.00;1;0;1
132455;95.00;4008.00;1;0;1
133059;95.00;4037.00;1;0;1
133664;95.00;4035.00;1;0;1
134267;95.00;4049.00;1;0;1
134870;95.00;4047.00;1;0;1
135474;95.00;4044.00;1;0;1
136079;96.00;4078.00;1;0;1
136737;96.00;4055.00;1;0;1
137260;96.00;4054.00;1;0;1
137862;96.00;4071.00;1;0;1
138470;96.00;4084.00;1;0;1
139073;96.00;4116.00;1;0;1
139677;97.00;4117.00;1;0;1
140285;97.00;4121.00;1;0;1
140940;97.00;4136.00;1;0;1
141545;98.00;4169.00;1;0;1
142156;98.00;4196.00;1;0;1
142764;98.00;4185.00;1;0;1
143288;98.00;4211.00;1;0;1
143894;100.00;4231.00;1;0;1
144509;100.00;4243.00;1;0;1
145112;100.00;4216.00;1;0;1
145766;100.00;4253.00;1;0;1
146291;100.00;4242.00;1;0;1
146898;100.00;4219.00;1;0;1
147504;100.00;4200.00;1;0;1
148106;100.00;4198.00;1;0;1
148709;98.00;4208.00;1;0;1
149317;98.00;4226.00;1;0;1
149972;100.00;4246.00;1;0;1
150584;101.00;4311.00;1;0;1
151195;102.00;4344.00;1;0;1
151803;102.00;4304.00;1;0;1
152324;101.00;4302.00;1;0;1
152933;100.00;4247.00;1;0;1
153544;100.00;4222.00;1;0;1
154149;100.00;4232.00;1;0;1
154753;100.00;4250.00;1;0;1
155327;100.00;4273.00;1;0;1
155981;100.00;4262.00;1;0;1
156585;100.00;4252.00;1;0;1
157189;101.00;4278.00;1;0;1
157797;101.00;4290.00;1;0;1
158320;101.00;4274.00;1;0;1
158931;101.00;4265.00;1;0;1
159535;101.00;4271.00;1;0;1
160138;100.00;4264.00;1;0;1
160797;100.00;4265.00;1;0;1
161326;100.00;4285.00;1;0;1
161980;100.00;4256.00;1;0;1
162583;101.00;4272.00;1;0;1
163247;101.00;4256.00;1;0;1
163851;100.00;4260.00;1;0;1
164509;100.00;4263.00;1;0;1
165118;100.00;4257.00;1;0;1
165723;100.00;4269.00;1;0;1
166326;100.00;4236.00;1;0;1
166932;100.00;4230.00;1;0;1
167587;100.00;4234.00;1;0;1
168193;100.00;4236.00;1;0;1
168800;101.00;4271.00;1;0;1
169325;101.00;4282.00;1;0;1
169979;101.00;4283.00;1;0;1
170583;100.00;4260.00;1;0;1
171195;100.00;4253.00;1;0;1
171803;100.00;4216.00;1;0;1
172328;98.00;4190.00;1;0;1
172935;98.00;4194.00;1;0;1
173543;97.00;4167.00;1;0;1
174201;97.00;4105.00;1;0;1
174856;97.00;4139.00;1;0;1
175463;97.00;4128.00;1;0;1
176070;97.00;4161.00;1;0;1
176673;97.00;4129.00;1;0;1
177278;96.00;4104.00;1;0;1
177884;96.00;4107.00;1;0;1
178492;97.00;4127.00;1;0;1
179100;96.00;4136.00;1;0;1
179707;97.00;4117.00;1;0;1
180321;96.00;4091.00;1;0;1
180930;96.00;4095.00;1;0;1
181534;96.00;4064.00;1;0;1
182135;96.00;4048.00;1;0;1
182791;96.00;4036.00;1;0;1
183317;95.00;3986.00;1;0;1
183927;93.00;3953.00;1;0;1
184587;92.00;3899.00;1;0;1
185195;92.00;3917.00;1;0;1
185800;92.00;3897.00;1;0;1
186377;92.00;3929.00;1;0;1
187030;92.00;3926.00;1;0;1
187633;92.00;3931.00;1;0;1
188234;92.00;3924.00;1;0;1
188839;91.00;3881.00;1;0;1
189419;91.00;3868.00;1;0;1
190025;90.00;3839.00;1;0;1
190682;90.00;3835.00;1;0;1
191294;91.00;3869.00;1;0;1
191950;92.00;3918.00;1;0;1
192559;92.00;3936.00;1;0;1
193161;93.00;3971.00;1;0;1
193775;93.00;3973.00;1;0;1
194313;93.00;3962.00;1;0;1
194968;93.00;3976.00;1;0;1
195623;93.00;3962.00;1;0;1
196226;93.00;3955.00;1;0;1
196828;93.00;3977.00;1;0;1
197350;93.00;3960.00;1;0;1
197954;93.00;3986.00;1;0;1
198613;95.00;3999.00;1;0;1
199271;96.00;4017.00;1;0;1
199879;95.00;4042.00;1;0;1
200493;96.00;4053.00;1;0;1
201152;96.00;4063.00;1;0;1
201755;96.00;4068.00;1;0;1
202411;96.00;4076.00;1;0;1
203014;97.00;4165.00;1;0;1
203622;98.00;4207.00;1;0;1
204229;100.00;4225.00;1;0;1
204842;100.00;4261.00;1;0;1
205367;100.00;4234.00;1;0;1
205970;100.00;4217.00;1;0;1
206575;98.00;4214.00;1;0;1
207186;98.00;4163.00;1;0;1
207840;97.00;4171.00;1;0;1
208367;97.00;4114.00;1;0;1
208971;96.00;4038.00;1;0;1
209583;96.00;4076.00;1;0;1
210239;96.00;4067.00;1;0;1
210842;96.00;4048.00;1;0;1
211364;96.00;4054.00;1;0;1
211969;96.00;4048.00;1;0;1
212573;95.00;4038.00;1;0;1
213181;95.00;4053.00;1;0;1
213785;95.00;4023.00;1;0;1
214392;95.00;4051.00;1;0;1
214996;96.00;4096.00;1;0;1
215603;96.00;4059.00;1;0;1
216204;96.00;4107.00;1;0;1
216807;96.00;4113.00;1;0;1
217330;97.00;4129.00;1;0;1
217942;97.00;4152.00;1;0;1
218545;98.00;4179.00;1;0;1
219155;98.00;4183.00;1;0;1
219760;100.00;4213.00;1;0;1
220374;100.00;4220.00;1;0;1
220978;100.00;4271.00;1;0;1
221584;101.00;4256.00;1;0;1
222243;101.00;4256.00;1;0;1
222843;100.00;4269.00;1;0;1
223371;101.00;4244.00;1;0;1
223979;100.00;4248.00;1;0;1
224592;100.00;4232.00;1;0;1
225197;100.00;4214.00;1;0;1
225803;98.00;4208.00;1;0;1
226414;98.00;4181.00;1;0;1
227017;97.00;4164.00;1;0;1
227628;97.00;4157.00;1;0;1
228232;97.00;4112.00;1;0;1
228837;97.00;4137.00;1;0;1
229361;97.00;4158.00;1;0;1
229964;97.00;4162.00;1;0;1
230621;98.00;4141.00;1;0;1
231232;98.00;4173.00;1;0;1
231838;98.00;4177.00;1;0;1
232413;98.00;4222.00;1;0;1
233017;100.00;4223.00;1;0;1
233683;100.00;4246.00;1;0;1
234285;100.00;4245.00;1;0;1
234889;101.00;4263.00;1;0;1
235466;100.00;4270.00;1;0;1
236076;101.00;4292.00;1;0;1
236690;102.00;4297.00;1;0;1
237297;101.00;4271.00;1;0;1
237905;100.00;4227.00;1;0;1
238433;100.00;4216.00;1;0;1
239036;98.00;4157.00;1;0;1
239644;98.00;4175.00;1;0;1
240248;98.00;4160.00;1;0;1
240854;97.00;4127.00;1;0;1
241381;97.00;4139.00;1;0;1
242035;97.00;4155.00;1;0;1
242639;97.00;4159.00;1;0;1
243293;98.00;4153.00;1;0;1
243901;98.00;4157.00;1;0;1
244426;97.00;4144.00;1;0;1
245035;97.00;4136.00;1;0;1
245638;97.00;4140.00;1;0;1
246294;97.00;4138.00;1;0;1
246897;97.00;4130.00;1;0;1
247418;97.00;4145.00;1;0;1
248022;97.00;4124.00;1;0;1
248628;96.00;4102.00;1;0;1
249238;96.00;4065.00;1;0;1
249843;96.00;4067.00;1;0;1
250366;95.00;4005.00;1;0;1
250974;93.00;3985.00;1;0;1
251532;93.00;3967.00;1;0;1
252135;93.00;3945.00;1;0;1
252739;92.00;3922.00;1;0;1
253348;91.00;3835.00;1;0;1
253956;90.00;3832.00;1;0;1
254564;90.00;3800.00;1;0;1
255168;90.00;3789.00;1;0;1
255775;88.00;3792.00;1;0;1
256385;88.00;3773.00;1;0;1
256989;88.00;3763.00;1;0;1
257591;88.00;3772.00;1;0;1
258194;88.00;3757.00;1;0;1
258801;88.00;3799.00;1;0;1
259403;88.00;3775.00;1;0;1
260008;88.00;3692.00;1;0;1
260613;87.00;3719.00;1;0;1
261223;86.00;3633.00;1;0;1
261834;85.00;3611.00;1;0;1
262443;85.00;3619.00;1;0;1
263048;86.00;3638.00;1;0;1
263656;87.00;3740.00;1;0;1
264262;90.00;3842.00;1;0;1
264877;92.00;3941.00;1;0;1
265403;96.00;4031.00;1;0;1
266009;97.00;4098.00;1;0;1
266631;100.00;4216.00;1;0;1
267245;101.00;4282.00;1;0;1
267858;102.00;4303.00;1;0;1
268517;102.00;4352.00;1;0;1
269092;103.00;4407.00;1;0;1
269700;103.00;4419.00;1;0;1
270253;105.00;4430.00;1;0;1
270866;103.00;4400.00;1;0;1
271394;103.00;4344.00;1;0;1
272000;103.00;4369.00;1;0;1
272656;102.00;4377.00;1;0;1
273265;102.00;4339.00;1;0;1
273875;102.00;4320.00;1;0;1
274400;102.00;4326.00;1;0;1
275105;101.00;4271.00;1;0;1
275764;101.00;4274.00;1;0;1
276367;101.00;4300.00;1;0;1
276973;101.00;4295.00;1;0;1
277627;101.00;4263.00;1;0;1
278239;101.00;4294.00;1;0;1
278845;101.00;4280.00;1;0;1
279450;101.00;4317.00;1;0;1
280056;101.00;4291.00;1;0;1
280660;101.00;4290.00;1;0;1
281264;100.00;4243.00;1;0;1
281877;100.00;4240.00;1;0;1
282450;98.00;4213.00;1;0;1
283062;98.00;4205.00;1;0;1
283666;98.00;4207.00;1;0;1
284326;98.00;4150.00;1;0;1
284932;98.00;4201.00;1;0;1
285459;100.00;4268.00;1;0;1
286071;101.00;4279.00;1;0;1
286680;101.00;4259.00;1;0;1
287284;101.00;4264.00;1;0;1
287892;100.00;4217.00;1;0;1
288420;97.00;4142.00;1;0;1
289028;96.00;4013.00;1;0;1
289637;93.00;3967.00;1;0;1
290294;91.00;3834.00;1;0;1
290952;88.00;3761.00;1;0;1
291479;86.00;3636.00;1;0;1
292090;83.00;3584.00;1;0;1
292697;83.00;3522.00;1;0;1
293353;81.00;3469.00;1;0;1
293963;81.00;3430.00;1;0;1
294485;80.00;3354.00;1;0;1
295090;78.00;3373.00;1;0;1
295697;78.00;3283.00;1;0;1
296303;78.00;3321.00;1;0;1
296913;77.00;3312.00;1;0;1
297439;78.00;3347.00;1;0;1
298098;78.00;3365.00;1;0;1
298752;80.00;3395.00;1;0;1
299362;80.00;3409.00;1;0;1
299967;80.00;3392.00;1;0;1
300495;80.00;3376.00;1;0;1
301099;78.00;3329.00;1;0;1
301707;77.00;3363.00;1;0;1
302316;76.00;3250.00;1;0;1
302928;76.00;3251.00;1;0;1
303452;75.00;3223.00;1;0;1
304062;75.00;3132.00;1;0;1
304667;75.00;3187.00;1;0;1
305271;75.00;3135.00;1;0;1
305876;75.00;3154.00;1;0;1
306480;75.00;3176.00;1;0;1
307086;76.00;3225.00;1;0;1
307694;76.00;3214.00;1;0;1
308247;76.00;3223.00;1;0;1
308852;76.00;3272.00;1;0;1
309505;77.00;3279.00;1;0;1
310111;76.00;3224.00;1;0;1
310719;76.00;3231.00;1;0;1
311324;76.00;3190.00;1;0;1
311992;75.00;3209.00;1;0;1
312520;75.00;3184.00;1;0;1
313176;75.00;3173.00;1;0;1
313880;75.00;3139.00;1;0;1
314486;73.00;3140.00;1;0;1
315151;73.00;3129.00;1;0;1
315754;73.00;3118.00;1;0;1
316360;72.00;3098.00;1;0;1
316972;72.00;3104.00;1;0;1
317494;72.00;3057.00;1;0;1
318148;71.00;3057.00;1;0;1
318804;71.00;3043.00;1;0;1
319411;71.00;3019.00;1;0;1
320016;71.00;3006.00;1;0;1
320539;71.00;3007.00;1;0;1
321147;71.00;3005.00;1;0;1
321801;71.00;2998.00;1;0;1
322407;71.00;3019.00;1;0;1
323061;71.00;3024.00;1;0;1
323669;71.00;3050.00;1;0;1
324274;71.00;3014.00;1;0;1
324879;71.00;2986.00;1;0;1
325431;71.00;2982.00;1;0;1
326039;70.00;2975.00;1;0;1
326651;68.00;2959.00;1;0;1
327308;68.00;2930.00;1;0;1
327911;68.00;2908.00;1;0;1
328515;68.00;2852.00;1;0;1
329172;67.00;2870.00;1;0;1
329777;67.00;2872.00;1;0;1
330431;67.00;2838.00;1;0;1
331035;67.00;2860.00;1;0;1
331557;66.00;2835.00;1;0;1
332165;67.00;2872.00;1;0;1
332775;67.00;2876.00;1;0;1
333378;68.00;2867.00;1;0;1
333986;68.00;2887.00;1;0;1
334513;67.00;2850.00;1;0;1
335120;67.00;2849.00;1;0;1
335724;67.00;2934.00;1;0;1
336329;66.00;2833.00;1;0;1
336988;66.00;2836.00;1;0;1
337561;66.00;2835.00;1;0;1
338214;66.00;2870.00;1;0;1
338869;67.00;2903.00;1;0;1
339490;68.00;2947.00;1;0;1
340102;70.00;2999.00;1;0;1
340709;71.00;3011.00;1;0;1
341316;71.00;3017.00;1;0;1
341920;72.00;3051.00;1;0;1
342578;72.00;3045.00;1;0;1
343182;72.00;3050.00;1;0;1
343787;72.00;3064.00;1;0;1
344442;72.00;3018.00;1;0;1
345047;71.00;3002.00;1;0;1
345577;71.00;2996.00;1;0;1
346232;70.00;2948.00;1;0;1
346843;70.00;2986.00;1;0;1
347449;70.00;2983.00;1;0;1
348053;71.00;2990.00;1;0;1
348579;70.00;2981.00;1;0;1
349188;70.00;3025.00;1;0;1
349791;70.00;2944.00;1;0;1
350397;68.00;2974.00;1;0;1
351007;68.00;2922.00;1;0;1
351530;67.00;2921.00;1;0;1
352144;67.00;2855.00;1;0;1
352749;67.00;2867.00;1;0;1
353351;67.00;2870.00;1;0;1
353954;66.00;2844.00;1;0;1
354563;66.00;2796.00;1;0;1
355173;66.00;2786.00;1;0;1
355829;65.00;2841.00;1;0;1
356438;63.00;2753.00;1;0;1
357046;63.00;2763.00;1;0;1
357569;63.00;2698.00;1;0;1
358177;63.00;2714.00;1;0;1
358783;63.00;2681.00;1;0;1
359397;63.00;2681.00;1;0;1
359996;62.00;2689.00;1;0;1
360526;62.00;2653.00;1;0;1
361131;62.00;2623.00;1;0;1
361734;62.00;2669.00;1;0;1
362339;62.00;2644.00;1;0;1
362942;61.00;2554.00;1;0;1
363598;61.00;2614.00;1;0;1
364205;61.00;2606.00;1;0;1
364808;61.00;2634.00;1;0;1
365412;62.00;2667.00;1;0;1
366072;62.00;2605.00;1;0;1
366595;62.00;2630.00;1;0;1
367254;62.00;2688.00;1;0;1
367909;62.00;2659.00;1;0;1
368514;62.00;2679.00;1;0;1
369067;63.00;2695.00;1;0;1
369645;63.00;2697.00;1;0;1
370223;63.00;2698.00;1;0;1
370828;63.00;2709.00;1;0;1
371484;62.00;2535.00;1;0;1
372093;61.00;2588.00;1;0;1
372700;60.00;2530.00;1;0;1
373231;60.00;2597.00;1;0;1
373886;60.00;2573.00;1;0;1
374540;60.00;2600.00;1;0;1
375151;60.00;2542.00;1;0;1
375806;61.00;2610.00;1;0;1
376467;60.00;2517.00;1;0;1
377078;58.00;2487.00;1;0;1
377708;57.00;2431.00;1;0;1
378364;56.00;2377.00;1;0;1
379022;57.00;2449.00;1;0;1
379548;58.00;2488.00;1;0;1
380155;60.00;2530.00;1;0;1
380767;61.00;2612.00;1;0;1
381375;62.00;2629.00;1;0;1
381987;62.00;2673.00;1;0;1
382590;63.00;2666.00;1;0;1
383197;63.00;2674.00;1;0;1
383801;62.00;2652.00;1;0;1
384459;61.00;2619.00;1;0;1
385068;61.00;2572.00;1;0;1
385590;60.00;2616.00;1;0;1
386199;60.00;2517.00;1;0;1
386854;60.00;2587.00;1;0;1
387460;58.00;2515.00;1;0;1
388070;58.00;2489.00;1;0;1
388591;58.00;2518.00;1;0;1
389195;60.00;2520.00;1;0;1
389807;60.00;2561.00;1;0;1
390462;61.00;2568.00;1;0;1
391073;61.00;2609.00;1;0;1
391595;61.00;2612.00;1;0;1
392200;62.00;2626.00;1;0;1
392809;63.00;2713.00;1;0;1
393421;65.00;2768.00;1;0;1
394081;66.00;2835.00;1;0;1
394608;67.00;2859.00;1;0;1
395218;68.00;2891.00;1;0;1
395825;68.00;2926.00;1;0;1
396429;68.00;2931.00;1;0;1
397037;68.00;2949.00;1;0;1
397612;70.00;2962.00;1;0;1
398220;70.00;2933.00;1;0;1
398825;68.00;2922.00;1;0;1
399434;68.00;2924.00;1;0;1
400038;68.00;2941.00;1;0;1
400661;68.00;2905.00;1;0;1
401269;68.00;2904.00;1;0;1
401871;68.00;2911.00;1;0;1
402475;68.00;2935.00;1;0;1
403080;68.00;2928.00;1;0;1
403604;68.00;2928.00;1;0;1
404257;68.00;2902.00;1;0;1
404860;68.00;2921.00;1;0;1
405464;68.00;2910.00;1;0;1
406067;67.00;2909.00;1;0;1
406697;67.00;2884.00;1;0;1
407354;67.00;2872.00;1;0;1
408008;67.00;2869.00;1;0;1
408661;67.00;2856.00;1;0;1
409266;66.00;2826.00;1;0;1
409874;67.00;2847.00;1;0;1
410483;67.00;2865.00;1;0;1
411088;67.00;2874.00;1;0;1
411712;68.00;2924.00;1;0;1
412283;68.00;2919.00;1;0;1
412888;68.00;2953.00;1;0;1
413544;68.00;2933.00;1;0;1
414147;68.00;2943.00;1;0;1
414750;68.00;2943.00;1;0;1
415269;68.00;2510.00;1;0;1
415874;66.00;3064.00;1;0;1
416485;65.00;3008.00;1;0;1
417096;65.00;2972.00;1;0;1
417669;63.00;2962.00;1;0;1
418275;62.00;2861.00;1;0;1
418884;60.00;2708.00;1;0;1
419492;56.00;2594.00;1;0;1
420101;53.00;2511.00;1;0;1
420728;52.00;2441.00;1;0;1
421337;52.00;2413.00;1;0;1
421942;52.00;2459.00;1;0;1
422546;53.00;2476.00;1;0;1
423156;55.00;2528.00;1;0;1
423763;57.00;2616.00;1;0;1
424290;57.00;2689.00;1;0;1
424895;60.00;2759.00;1;0;1
425504;61.00;2808.00;1;0;1
426112;62.00;2884.00;1;0;1
426639;62.00;2853.00;1;0;1
427291;62.00;2865.00;1;0;1
427895;60.00;2846.00;1;0;1
428553;58.00;2683.00;1;0;1
429163;57.00;2714.00;1;0;1
429771;56.00;2601.00;1;0;1
430428;55.00;2482.00;1;0;1
431089;53.00;2443.00;1;0;1
431615;52.00;2413.00;1;0;1
432226;52.00;2414.00;1;0;1
432829;52.00;2243.00;1;0;1
433434;51.00;2825.00;1;0;1
434040;51.00;2789.00;1;0;1
434643;52.00;2418.00;1;0;1
435251;53.00;2444.00;1;0;1
435861;53.00;2484.00;1;0;1
436471;53.00;2479.00;1;0;1
437124;53.00;2467.00;1;0;1
437644;53.00;2496.00;1;0;1
438249;53.00;2482.00;1;0;1
438904;53.00;2411.00;1;0;1
439504;52.00;2415.00;1;0;1
440112;51.00;2354.00;1;0;1
440739;48.00;2274.00;1;0;1
441316;47.00;2318.00;1;0;1
441924;48.00;2246.00;1;0;1
442532;50.00;2304.00;1;0;1
443141;50.00;2295.00;1;0;1
443665;48.00;2275.00;1;0;1
444273;47.00;2185.00;1;0;1
444881;46.00;2138.00;1;0;1
445494;43.00;2032.00;1;0;1
446103;42.00;1947.00;1;0;1
446724;37.00;1753.00;1;0;1
447333;33.00;1533.00;1;0;1
447942;27.00;1311.00;1;0;1
448550;22.00;1268.00;1;0;1
449159;21.00;1184.00;1;0;1
449685;20.00;1382.00;1;0;1
450342;18.00;1274.00;1;0;1
450949;16.00;1243.00;1;0;1
451556;13.00;1230.00;1;0;1
452214;11.00;1244.00;1;0;1
452824;7.00;1296.00;1;0;1
453487;5.00;1231.00;1;0;1
454097;3.00;1259.00;1;0;1
454623;0;1282.00;1;0;1
455232;0;1266.00;1;0;1
455835;0;1265.00;1;0;1
456494;0;1292.00;1;0;1
457098;0;1300.00;1;0;1
457622;0;1219.00;1;0;1
458277;0;1238.00;1;0;1
458930;0;1263.00;1;0;1
459538;0;1221.00;1;0;1
460142;0;1250.00;1;0;1
460666;0;1211.00;1;0;1
461270;0;1210.00;1;0;1
461873;0;1247.00;1;0;1
462481;0;1217.00;1;0;1
463085;0;1298.00;1;0;1
463687;0;1281.00;1;0;1
464342;0;1259.00;1;0;1
464946;0;1247.00;1;0;1
465549;0;1252.00;1;0;1
466202;0;1220.00;1;0;1
466727;0;1196.00;1;0;1
467380;0;1225.00;1;0;1
468034;0;1224.00;1;0;1
468634;0;1206.00;1;0;1
469236;0;1245.00;1;0;1
469839;0;1221.00;1;0;1
470450;0;1244.00;1;0;1
471053;0;1211.00;1;0;1
471661;0;1242.00;1;0;1
472326;0;1179.00;1;0;1
472981;0;1243.00;1;0;1
473636;0;1172.00;1;0;1
474238;0;1240.00;1;0;1
474848;0;1201.00;1;0;1
475451;0;1271.00;1;0;1
476054;0;1209.00;1;0;1
476656;0;1229.00;1;0;1
477313;0;1255.00;1;0;1
477965;0;1218.00;1;0;1
478579;0;1244.00;1;0;1
479182;0;1262.00;1;0;1
479707;0;1264.00;1;0;1
480313;0;1243.00;1;0;1
480917;0;1981.00;1;0;1
481525;0;1903.00;1;0;1
482182;15.00;2039.00;1;0;1
482718;25.00;2747.00;1;0;1
483324;36.00;4078.00;1;0;1
483931;45.00;4261.00;1;0;1
484543;53.00;4113.00;1;0;1
485154;61.00;4737.00;1;0;1
485697;66.00;4437.00;1;0;1
486305;72.00;4474.00;1;0;1
486915;80.00;4867.00;1;0;1
487579;83.00;4357.00;1;0;1
488188;88.00;4569.00;1;0;1
488721;91.00;4219.00;1;0;1
489330;95.00;4372.00;1;0;1
489938;96.00;4062.00;1;0;1
490547;97.00;4135.00;1;0;1
491159;100.00;4218.00;1;0;1
491741;101.00;4302.00;1;0;1
492455;102.00;4357.00;1;0;1
493062;103.00;4349.00;1;0;1
493719;103.00;4393.00;1;0;1
494374;103.00;4406.00;1;0;1
494976;105.00;4422.00;1;0;1
495587;106.00;4506.00;1;0;1
496195;107.00;4530.00;1;0;1
496775;107.00;4559.00;1;0;1
497378;108.00;4591.00;1;0;1
497984;108.00;4618.00;1;0;1
498639;110.00;4616.00;1;0;1
499300;108.00;4573.00;1;0;1
499960;108.00;4604.00;1;0;1
500616;108.00;4607.00;1;0;1
501220;108.00;4599.00;1;0;1
501743;110.00;4652.00;1;0;1
502348;111.00;4777.00;1;0;1
502956;113.00;4819.00;1;0;1
503568;115.00;4879.00;1;0;1
504177;116.00;4890.00;1;0;1
504715;116.00;4938.00;1;0;1
505370;116.00;4957.00;1;0;1
505974;117.00;4995.00;1;0;1
506582;117.00;4998.00;1;0;1
507239;117.00;4975.00;1;0;1
507762;117.00;4967.00;1;0;1
508369;117.00;4990.00;1;0;1
509023;117.00;4965.00;1;0;1
509678;117.00;4989.00;1;0;1
510282;118.00;5010.00;1;0;1
510947;118.00;5001.00;1;0;1
511552;118.00;5026.00;1;0;1
512155;117.00;5016.00;1;0;1
512761;113.00;4842.00;1;0;1
513367;111.00;4683.00;1;0;1
514024;105.00;4465.00;1;0;1
514682;101.00;4255.00;1;0;1
515288;96.00;4081.00;1;0;1
515894;92.00;3888.00;1;0;1
516502;86.00;3616.00;1;0;1
517160;80.00;3419.00;1;0;1
517820;75.00;3155.00;1;0;1
518478;68.00;2900.00;1;0;1
519136;63.00;2899.00;1;0;1
519794;61.00;3553.00;1;0;1
520401;57.00;2954.00;1;0;1
521009;53.00;3255.00;1;0;1
521623;48.00;2991.00;1;0;1
522230;45.00;2730.00;1;0;1
522757;41.00;3139.00;1;0;1
523365;32.00;2591.00;1;0;1
524024;25.00;2007.00;1;0;1
524638;21.00;1635.00;1;0;1
525250;16.00;1857.00;1;0;1
525880;12.00;1458.00;1;0;1
526538;10.00;1291.00;1;0;1
527146;8.00;1264.00;1;0;1
527753;7.00;1249.00;1;0;1
528360;6.00;1282.00;1;0;1
529018;5.00;1251.00;1;0;1
529627;8.00;2293.00;1;0;1
530238;17.00;2240.00;1;0;1
530772;28.00;3091.00;1;0;1
531381;41.00;4461.00;1;0;1
531990;47.00;3895.00;1;0;1
532596;56.00;4379.00;1;0;1
533209;63.00;4954.00;1;0;1
533737;68.00;4257.00;1;0;1
534394;76.00;4701.00;1;0;1
535057;82.00;4451.00;1;0;1
535714;87.00;4602.00;1;0;1
536371;93.00;4855.00;1;0;1
536977;95.00;4369.00;1;0;1
537587;98.00;4523.00;1;0;1
538196;100.00;4275.00;1;0;1
538859;101.00;4318.00;1;0;1
539468;105.00;4461.00;1;0;1
540126;107.00;4523.00;1;0;1
540785;107.00;4572.00;1;0;1
541339;107.00;4596.00;1;0;1
541944;107.00;4560.00;1;0;1
542547;107.00;4560.00;1;0;1
543199;107.00;4524.00;1;0;1
543804;106.00;4502.00;1;0;1
544462;103.00;4418.00;1;0;1
545074;102.00;4343.00;1;0;1
545681;100.00;4283.00;1;0;1
546289;98.00;4192.00;1;0;1
546771;96.00;4077.00;1;0;1
547378;95.00;3982.00;1;0;1
547988;91.00;3852.00;1;0;1
548595;90.00;3825.00;1;0;1
549203;87.00;3703.00;1;0;1
549814;86.00;3720.00;1;0;1
550423;85.00;3595.00;1;0;1
551030;83.00;3570.00;1;0;1
551688;82.00;3524.00;1;0;1
552348;81.00;3476.00;1;0;1
553008;78.00;3330.00;1;0;1
553615;76.00;3225.00;1;0;1
554222;75.00;3124.00;1;0;1
554798;71.00;3031.00;1;0;1
555420;67.00;2889.00;1;0;1
556077;62.00;2641.00;1;0;1
556685;57.00;2452.00;1;0;1
557293;53.00;2295.00;1;0;1
557877;48.00;2097.00;1;0;1
558536;45.00;1939.00;1;0;1
559196;43.00;2024.00;1;0;1
559873;40.00;1820.00;1;0;1
560485;37.00;1964.00;1;0;1
561092;35.00;1872.00;1;0;1
561699;32.00;2022.00;1;0;1
562306;30.00;1741.00;1;0;1
562837;25.00;1919.00;1;0;1
563444;20.00;1569.00;1;0;1
564103;16.00;1355.00;1;0;1
564761;13.00;1144.00;1;0;1
565370;10.00;1272.00;1;0;1
565979;7.00;1254.00;1;0;1
566587;5.00;1250.00;1;0;1
567246;0;1281.00;1;0;1
567774;0;1256.00;1;0;1
568378;0;1276.00;1;0;1
568984;0;2143.00;1;0;1
569593;0;2339.00;1;0;1
570253;22.00;2732.00;1;0;1
570788;35.00;3926.00;1;0;1
571449;43.00;4376.00;1;0;1
572111;53.00;4193.00;1;0;1
572770;65.00;4837.00;1;0;1
573376;68.00;4245.00;1;0;1
573983;77.00;4734.00;1;0;1
574590;82.00;4259.00;1;0;1
575249;87.00;4555.00;1;0;1
575777;93.00;4875.00;1;0;1
576386;98.00;4495.00;1;0;1
576997;102.00;4688.00;1;0;1
577613;105.00;4430.00;1;0;1
578271;107.00;4527.00;1;0;1
578800;110.00;4636.00;1;0;1
579410;110.00;4646.00;1;0;1
580067;110.00;4704.00;1;0;1
580671;111.00;4705.00;1;0;1
581277;111.00;4714.00;1;0;1
581800;111.00;4739.00;1;0;1
582406;111.00;4702.00;1;0;1
583066;111.00;4707.00;1;0;1
583671;111.00;4704.00;1;0;1
584275;111.00;4694.00;1;0;1
584796;110.00;4670.00;1;0;1
585409;110.00;4663.00;1;0;1
586015;108.00;4622.00;1;0;1
586621;108.00;4585.00;1;0;1
587225;107.00;4546.00;1;0;1
587882;106.00;4497.00;1;0;1
588487;105.00;4442.00;1;0;1
589094;103.00;4383.00;1;0;1
589752;101.00;4300.00;1;0;1
590412;97.00;4147.00;1;0;1
591017;95.00;4006.00;1;0;1
591625;92.00;3907.00;1;0;1
592282;91.00;3833.00;1;0;1
592809;88.00;3736.00;1;0;1
593417;86.00;3686.00;1;0;1
594073;83.00;3543.00;1;0;1
594731;81.00;3431.00;1;0;1
595335;80.00;3426.00;1;0;1
595861;80.00;3367.00;1;0;1
596467;78.00;3357.00;1;0;1
597124;76.00;3229.00;1;0;1
597783;72.00;3038.00;1;0;1
598391;65.00;2763.00;1;0;1
598997;58.00;2522.00;1;0;1
599655;52.00;2237.00;1;0;1
600262;50.00;2143.00;1;0;1
600868;46.00;2212.00;1;0;1
601476;43.00;2002.00;1;0;1
602134;41.00;1931.00;1;0;1
602743;40.00;2063.00;1;0;1
603350;38.00;1995.00;1;0;1
603874;37.00;2010.00;1;0;1
604482;37.00;1971.00;1;0;1
605140;37.00;2186.00;1;0;1
605796;37.00;2304.00;1;0;1
606401;37.00;2226.00;1;0;1
607008;35.00;2155.00;1;0;1
607617;33.00;2049.00;1;0;1
608225;31.00;1920.00;1;0;1
608834;28.00;1800.00;1;0;1
609446;27.00;2133.00;1;0;1
610053;28.00;1899.00;1;0;1
610711;31.00;1887.00;1;0;1
611317;31.00;1976.00;1;0;1
611841;31.00;1381.00;1;0;1
612448;31.00;2144.00;1;0;1
613050;32.00;1995.00;1;0;1
613658;33.00;2060.00;1;0;1
614264;33.00;2089.00;1;0;1
614869;32.00;2031.00;1;0;1
615529;31.00;1848.00;1;0;1
616186;30.00;1818.00;1;0;1
616791;31.00;1840.00;1;0;1
617401;28.00;1803.00;1;0;1
618017;27.00;1610.00;1;0;1
618674;26.00;1295.00;1;0;1
619333;25.00;1668.00;1;0;1
619861;26.00;1587.00;1;0;1
620471;26.00;1598.00;1;0;1
621074;26.00;1639.00;1;0;1
621730;26.00;1686.00;1;0;1
622386;26.00;1694.00;1;0;1
622962;25.00;1510.00;1;0;1
623571;25.00;1649.00;1;0;1
624180;26.00;1623.00;1;0;1
624787;27.00;1670.00;1;0;1
625399;28.00;1733.00;1;0;1
625926;28.00;1785.00;1;0;1
626531;28.00;1812.00;1;0;1
627186;30.00;1838.00;1;0;1
627800;30.00;1847.00;1;0;1
628403;30.00;1828.00;1;0;1
628926;30.00;1855.00;1;0;1
629533;30.00;1840.00;1;0;1
630139;30.00;1824.00;1;0;1
630743;30.00;1817.00;1;0;1
631401;30.00;1850.00;1;0;1
631923;30.00;1826.00;1;0;1
632526;30.00;1815.00;1;0;1
633147;30.00;1834.00;1;0;1
633751;30.00;1895.00;1;0;1
634406;31.00;1913.00;1;0;1
634932;31.00;1882.00;1;0;1
635587;30.00;1838.00;1;0;1
636194;28.00;1728.00;1;0;1
636803;28.00;1277.00;1;0;1
637459;27.00;1423.00;1;0;1
638121;25.00;1567.00;1;0;1
638734;23.00;1480.00;1;0;1
639392;22.00;1357.00;1;0;1
639970;21.00;1288.00;1;0;1
640629;18.00;1191.00;1;0;1
641237;17.00;1191.00;1;0;1
641893;16.00;1269.00;1;0;1
642551;13.00;1289.00;1;0;1
643211;11.00;1220.00;1;0;1
643817;10.00;1255.00;1;0;1
644425;7.00;1197.00;1;0;1
645003;5.00;1257.00;1;0;1
645612;2.00;1239.00;1;0;1
646221;0;1253.00;1;0;1
646827;0;1293.00;1;0;1
647431;0;1266.00;1;0;1
647957;0;1250.00;1;0;1
648562;0;1257.00;1;0;1
649215;0;1209.00;1;0;1
649819;0;1233.00;1;0;1
650425;0;1266.00;1;0;1
651000;0;2575.00;1;0;1
651604;12.00;2344.00;1;0;1
652220;23.00;2891.00;1;0;1
652833;35.00;3855.00;1;0;1
653492;41.00;3775.00;1;0;1
654098;51.00;3973.00;1;0;1
654708;60.00;4640.00;1;0;1
655317;65.00;3990.00;1;0;1
655976;72.00;4460.00;1;0;1
656635;78.00;4952.00;1;0;1
657242;83.00;4348.00;1;0;1
657851;88.00;4641.00;1;0;1
658509;92.00;4236.00;1;0;1
659121;97.00;4486.00;1;0;1
659730;100.00;4222.00;1;0;1
660343;102.00;4330.00;1;0;1
660952;103.00;4377.00;1;0;1
661613;103.00;4381.00;1;0;1
662217;103.00;4413.00;1;0;1
662821;103.00;4399.00;1;0;1
663477;105.00;4463.00;1;0;1
664085;107.00;4527.00;1;0;1
664694;110.00;4650.00;1;0;1
665352;112.00;4765.00;1;0;1
665959;116.00;4872.00;1;0;1
666569;116.00;4939.00;1;0;1
667222;118.00;5001.00;1;0;1
667832;118.00;5029.00;1;0;1
668437;120.00;5096.00;1;0;1
668963;120.00;5092.00;1;0;1
669567;118.00;5044.00;1;0;1
670181;117.00;4981.00;1;0;1
670788;115.00;4883.00;1;0;1
671397;112.00;4809.00;1;0;1
671924;111.00;4733.00;1;0;1
672540;110.00;4680.00;1;0;1
673147;110.00;4669.00;1;0;1
673754;110.00;4617.00;1;0;1
674408;110.00;4671.00;1;0;1
674983;115.00;4861.00;1;0;1
675594;117.00;4964.00;1;0;1
676208;120.00;5082.00;1;0;1
676866;121.00;5133.00;1;0;1
677524;121.00;5127.00;1;0;1
678128;118.00;5018.00;1;0;1
678788;115.00;4837.00;1;0;1
679447;110.00;4667.00;1;0;1
679976;106.00;4506.00;1;0;1
680635;101.00;4638.00;1;0;1
681294;97.00;4531.00;1;0;1
681900;95.00;4364.00;1;0;1
682508;92.00;4288.00;1;0;1
683166;92.00;4256.00;1;0;1
683767;92.00;4247.00;1;0;1
684371;91.00;4210.00;1;0;1
685028;92.00;4241.00;1;0;1
685640;95.00;4344.00;1;0;1
686254;95.00;4428.00;1;0;1
686910;101.00;4707.00;1;0;1
687521;102.00;4707.00;1;0;1
688175;102.00;4701.00;1;0;1
688780;102.00;4717.00;1;0;1
689383;102.00;4732.00;1;0;1
689955;103.00;4720.00;1;0;1
690563;103.00;4764.00;1;0;1
691218;106.00;4902.00;1;0;1
691824;106.00;4886.00;1;0;1
692430;107.00;4957.00;1;0;1
692956;107.00;4943.00;1;0;1
693559;105.00;4831.00;1;0;1
694165;107.00;4970.00;1;0;1
694823;110.00;5047.00;1;0;1
695437;107.00;4573.00;1;0;1
695964;107.00;4536.00;1;0;1
696568;107.00;4533.00;1;0;1
697173;106.00;4547.00;1;0;1
697833;107.00;4551.00;1;0;1
698447;106.00;4486.00;1;0;1
698973;106.00;4476.00;1;0;1
699629;106.00;4489.00;1;0;1
700230;106.00;4477.00;1;0;1
700834;106.00;4484.00;1;0;1
701438;105.00;4426.00;1;0;1
701965;103.00;4372.00;1;0;1
702624;102.00;4322.00;1;0;1
703289;101.00;4290.00;1;0;1
703895;100.00;4237.00;1;0;1
704503;98.00;4208.00;1;0;1
705030;100.00;4214.00;1;0;1
705642;100.00;4247.00;1;0;1
706246;101.00;4290.00;1;0;1
706869;102.00;4390.00;1;0;1
707477;105.00;4405.00;1;0;1
708005;106.00;4529.00;1;0;1
708613;107.00;4542.00;1;0;1
709222;106.00;4507.00;1;0;1
709831;102.00;4364.00;1;0;1
710439;98.00;4186.00;1;0;1
710973;90.00;3816.00;1;0;1
711579;82.00;3477.00;1;0;1
712186;77.00;3242.00;1;0;1
712845;72.00;3471.00;1;0;1
713452;66.00;3399.00;1;0;1
713980;65.00;3377.00;1;0;1
714588;66.00;3449.00;1;0;1
715199;72.00;3447.00;1;0;1
715809;70.00;3628.00;1;0;1
716468;72.00;3766.00;1;0;1
716995;76.00;3980.00;1;0;1
717654;81.00;4180.00;1;0;1
718262;83.00;4335.00;1;0;1
718872;87.00;4546.00;1;0;1
719484;88.00;4552.00;1;0;1
720013;91.00;4194.00;1;0;1
720622;91.00;4223.00;1;0;1
721277;90.00;4120.00;1;0;1
721886;88.00;4057.00;1;0;1
722542;86.00;4008.00;1;0;1
723151;85.00;3927.00;1;0;1
723759;83.00;3851.00;1;0;1
724417;82.00;3790.00;1;0;1
725025;82.00;3839.00;1;0;1
725629;83.00;3886.00;1;0;1
726237;85.00;3945.00;1;0;1
726844;85.00;3936.00;1;0;1
727500;85.00;3900.00;1;0;1
728030;85.00;3943.00;1;0;1
728686;86.00;3984.00;1;0;1
729296;86.00;3993.00;1;0;1
729898;87.00;4006.00;1;0;1
730504;87.00;4040.00;1;0;1
731078;87.00;4029.00;1;0;1
731681;90.00;4142.00;1;0;1
732289;91.00;4201.00;1;0;1
732919;91.00;4202.00;1;0;1
733527;91.00;3882.00;1;0;1
734050;91.00;3867.00;1;0;1
734653;91.00;3838.00;1;0;1
735256;90.00;3836.00;1;0;1
735865;90.00;3757.00;1;0;1
736471;88.00;3760.00;1;0;1
736996;87.00;3653.00;1;0;1
737653;85.00;3621.00;1;0;1
738259;83.00;3566.00;1;0;1
738866;83.00;3482.00;1;0;1
739521;82.00;3424.00;1;0;1
740099;83.00;3586.00;1;0;1
740714;86.00;3667.00;1;0;1
741321;86.00;3618.00;1;0;1
741925;86.00;3637.00;1;0;1
742529;85.00;3584.00;1;0;1
743055;83.00;3499.00;1;0;1
743663;82.00;3472.00;1;0;1
744268;80.00;3424.00;1;0;1
744875;78.00;3370.00;1;0;1
745483;78.00;3300.00;1;0;1
746005;77.00;3247.00;1;0;1
746612;75.00;3215.00;1;0;1
747220;73.00;3154.00;1;0;1
747828;73.00;3341.00;1;0;1
748437;71.00;3294.00;1;0;1
749043;71.00;3302.00;1;0;1
749648;71.00;3288.00;1;0;1
750254;72.00;3316.00;1;0;1
750866;73.00;3388.00;1;0;1
751478;73.00;3403.00;1;0;1
752001;73.00;3397.00;1;0;1
752607;75.00;3411.00;1;0;1
753215;75.00;3439.00;1;0;1
753821;75.00;3408.00;1;0;1
754480;72.00;3374.00;1;0;1
755058;71.00;3251.00;1;0;1
755670;70.00;3233.00;1;0;1
756276;70.00;3224.00;1;0;1
756880;70.00;3236.00;1;0;1
757486;70.00;3236.00;1;0;1
758005;70.00;3284.00;1;0;1
758660;71.00;3271.00;1;0;1
759270;72.00;3308.00;1;0;1
759877;72.00;3310.00;1;0;1
760486;73.00;3370.00;1;0;1
761063;73.00;3392.00;1;0;1
761720;75.00;3469.00;1;0;1
762326;76.00;3474.00;1;0;1
762985;76.00;3518.00;1;0;1
763595;77.00;3558.00;1;0;1
764202;77.00;3557.00;1;0;1
764805;77.00;3529.00;1;0;1
765411;76.00;3537.00;1;0;1
766017;76.00;3501.00;1;0;1
766623;76.00;3491.00;1;0;1
767227;76.00;3499.00;1;0;1
767832;76.00;3439.00;1;0;1
768441;75.00;3455.00;1;0;1
769049;76.00;3481.00;1;0;1
769707;76.00;3510.00;1;0;1
770311;76.00;3505.00;1;0;1
770965;76.00;3514.00;1;0;1
771568;76.00;3507.00;1;0;1
772090;76.00;3514.00;1;0;1
772747;76.00;3507.00;1;0;1
773351;76.00;3499.00;1;0;1
774007;77.00;3548.00;1;0;1
774613;77.00;3557.00;1;0;1
775221;76.00;3555.00;1;0;1
775826;77.00;3570.00;1;0;1
776433;76.00;3521.00;1;0;1
777040;76.00;3458.00;1;0;1
777651;75.00;3417.00;1;0;1
778309;73.00;3433.00;1;0;1
778930;75.00;3464.00;1;0;1
779588;76.00;3503.00;1;0;1
780131;76.00;3511.00;1;0;1
780739;77.00;3540.00;1;0;1
781347;77.00;3569.00;1;0;1
781951;77.00;3553.00;1;0;1
782608;76.00;3523.00;1;0;1
783215;77.00;3548.00;1;0;1
783749;76.00;2751.00;1;0;1
784356;76.00;3227.00;1;0;1
784960;76.00;3214.00;1;0;1
785568;76.00;3186.00;1;0;1
786093;75.00;3174.00;1;0;1
786700;75.00;3191.00;1;0;1
787302;75.00;3191.00;1;0;1
787904;73.00;3163.00;1;0;1
788518;73.00;3087.00;1;0;1
789093;72.00;3082.00;1;0;1
789701;72.00;3036.00;1;0;1
790306;71.00;3051.00;1;0;1
790966;71.00;3007.00;1;0;1
791573;71.00;3017.00;1;0;1
792097;71.00;3002.00;1;0;1
792752;72.00;3082.00;1;0;1
793365;72.00;3076.00;1;0;1
793969;73.00;3114.00;1;0;1
794582;73.00;3096.00;1;0;1
795168;72.00;3073.00;1;0;1
795778;71.00;3000.00;1;0;1
796437;70.00;3000.00;1;0;1
797040;70.00;2994.00;1;0;1
797693;71.00;3018.00;1;0;1
798311;72.00;3104.00;1;0;1
798922;73.00;3156.00;1;0;1
799531;75.00;3198.00;1;0;1
800060;75.00;3219.00;1;0;1
800714;75.00;3343.00;1;0;1
801320;75.00;3200.00;1;0;1
801981;75.00;3178.00;1;0;1
802590;75.00;3186.00;1;0;1
803113;75.00;3141.00;1;0;1
803719;75.00;3114.00;1;0;1
804375;73.00;3174.00;1;0;1
804983;73.00;3162.00;1;0;1
805639;75.00;3184.00;1;0;1
806249;75.00;3185.00;1;0;1
806854;76.00;3223.00;1;0;1
807511;76.00;3227.00;1;0;1
808114;77.00;3257.00;1;0;1
808720;77.00;3279.00;1;0;1
809324;77.00;3233.00;1;0;1
809925;76.00;3247.00;1;0;1
810530;75.00;3180.00;1;0;1
811137;73.00;3139.00;1;0;1
811748;73.00;3054.00;1;0;1
812350;72.00;3023.00;1;0;1
812956;71.00;2991.00;1;0;1
813562;70.00;3003.00;1;0;1
814097;70.00;3032.00;1;0;1
814700;71.00;2982.00;1;0;1
815306;71.00;3032.00;1;0;1
815911;71.00;3039.00;1;0;1
816518;71.00;3048.00;1;0;1
817123;71.00;3010.00;1;0;1
817727;71.00;3001.00;1;0;1
818393;71.00;2979.00;1;0;1
818997;70.00;2940.00;1;0;1
819604;68.00;2954.00;1;0;1
820130;70.00;2985.00;1;0;1
820789;70.00;2968.00;1;0;1
821443;71.00;3054.00;1;0;1
822052;72.00;3080.00;1;0;1
822658;75.00;3151.00;1;0;1
823264;76.00;3213.00;1;0;1
823793;77.00;3319.00;1;0;1
824399;78.00;3356.00;1;0;1
825006;78.00;3317.00;1;0;1
825664;76.00;3236.00;1;0;1
826272;75.00;3136.00;1;0;1
826799;73.00;3101.00;1;0;1
827406;72.00;3057.00;1;0;1
828011;71.00;3014.00;1;0;1
828618;70.00;3003.00;1;0;1
829159;68.00;2933.00;1;0;1
829768;68.00;2900.00;1;0;1
830372;68.00;2907.00;1;0;1
830975;67.00;2794.00;1;0;1
831582;67.00;2837.00;1;0;1
832108;66.00;2829.00;1;0;1
832721;66.00;2820.00;1;0;1
833325;67.00;2853.00;1;0;1
833929;68.00;2943.00;1;0;1
834537;70.00;2996.00;1;0;1
835146;71.00;3019.00;1;0;1
835759;72.00;3096.00;1;0;1
836370;72.00;3101.00;1;0;1
836975;72.00;3086.00;1;0;1
837579;73.00;3133.00;1;0;1
838105;75.00;3175.00;1;0;1
838721;76.00;3191.00;1;0;1
839327;77.00;3292.00;1;0;1
839935;78.00;3315.00;1;0;1
840593;78.00;3317.00;1;0;1
841167;78.00;3345.00;1;0;1
841776;78.00;3329.00;1;0;1
842433;78.00;3340.00;1;0;1
843039;78.00;3370.00;1;0;1
843697;78.00;3343.00;1;0;1
844302;80.00;3363.00;1;0;1
844911;80.00;3421.00;1;0;1
845514;80.00;3402.00;1;0;1
846168;80.00;3395.00;1;0;1
846773;80.00;3373.00;1;0;1
847375;77.00;3301.00;1;0;1
847983;77.00;3283.00;1;0;1
848585;77.00;3318.00;1;0;1
849190;78.00;3336.00;1;0;1
849805;78.00;3375.00;1;0;1
850407;78.00;3364.00;1;0;1
851023;78.00;3312.00;1;0;1
851626;76.00;3250.00;1;0;1
852153;73.00;3140.00;1;0;1
852778;72.00;3025.00;1;0;1
853384;68.00;2950.00;1;0;1
853991;67.00;2840.00;1;0;1
854600;66.00;2855.00;1;0;1
855185;66.00;2803.00;1;0;1
855791;67.00;2828.00;1;0;1
856449;67.00;2902.00;1;0;1
857054;68.00;2935.00;1;0;1
857712;70.00;2984.00;1;0;1
858368;71.00;3009.00;1;0;1
858977;71.00;3038.00;1;0;1
859580;72.00;3060.00;1;0;1
860188;72.00;3092.00;1;0;1
860797;73.00;3109.00;1;0;1
861403;73.00;3117.00;1;0;1
862007;72.00;3070.00;1;0;1
862615;72.00;3060.00;1;0;1
863138;71.00;3058.00;1;0;1
863745;71.00;3031.00;1;0;1
864348;70.00;2989.00;1;0;1
864955;70.00;2952.00;1;0;1
865610;67.00;2872.00;1;0;1
866217;65.00;2772.00;1;0;1
866876;62.00;2658.00;1;0;1
867482;61.00;2650.00;1;0;1
868090;60.00;2583.00;1;0;1
868650;61.00;2590.00;1;0;1
869179;60.00;2574.00;1;0;1
869785;60.00;2570.00;1;0;1
870439;60.00;2532.00;1;0;1
871042;58.00;2567.00;1;0;1
871648;58.00;2500.00;1;0;1
872271;57.00;2465.00;1;0;1
872878;56.00;2819.00;1;0;1
873537;58.00;2675.00;1;0;1
874195;58.00;3273.00;1;0;1
874800;60.00;3116.00;1;0;1
875407;62.00;3253.00;1;0;1
876016;65.00;3414.00;1;0;1
876629;66.00;3464.00;1;0;1
877209;68.00;3510.00;1;0;1
877812;66.00;3423.00;1;0;1
878421;63.00;3286.00;1;0;1
879079;61.00;3114.00;1;0;1
879691;58.00;2955.00;1;0;1
880269;56.00;2842.00;1;0;1
880882;53.00;2778.00;1;0;1
881494;51.00;2661.00;1;0;1
882100;48.00;2563.00;1;0;1
882708;47.00;2440.00;1;0;1
883237;45.00;2244.00;1;0;1
883844;42.00;1901.00;1;0;1
884451;40.00;2132.00;1;0;1
885109;38.00;1967.00;1;0;1
885716;35.00;1863.00;1;0;1
886297;32.00;1668.00;1;0;1
886911;30.00;1586.00;1;0;1
887520;26.00;1411.00;1;0;1
888180;22.00;1425.00;1;0;1
888787;18.00;1276.00;1;0;1
889395;15.00;1257.00;1;0;1
890002;11.00;1246.00;1;0;1
890659;10.00;1264.00;1;0;1
891187;7.00;1263.00;1;0;1
891797;6.00;1293.00;1;0;1
892404;5.00;1252.00;1;0;1
893009;3.00;1297.00;1;0;1
893617;0;1269.00;1;0;1
894229;0;1249.00;1;0;1
894833;0;1248.00;1;0;1
895433;0;1257.00;1;0;1
896087;0;1287.00;1;0;1
896695;0;1235.00;1;0;1
897217;0;1239.00;1;0;1
897819;0;1289.00;1;0;1
898424;0;1219.00;1;0;1
899030;0;1245.00;1;0;1
899634;0;1242.00;1;0;1
900239;0;1253.00;1;0;1
900840;0;1222.00;1;0;1
901449;0;1243.00;1;0;1
902054;0;1268.00;1;0;1
902709;0;1281.00;1;0;1
903283;0;1259.00;1;0;1
903887;0;1243.00;1;0;1
904543;0;1241.00;1;0;1
905146;0;1266.00;1;0;1
905749;0;1282.00;1;0;1
906272;0;1245.00;1;0;1
906875;0;1239.00;1;0;1
907478;0;1220.00;1;0;1
908079;0;1221.00;1;0;1
908681;0;1265.00;1;0;1
909204;0;1231.00;1;0;1
909809;0;1244.00;1;0;1
910415;0;1234.00;1;0;1
911025;0;1278.00;1;0;1
911628;0;1267.00;1;0;1
912246;0;1270.00;1;0;1
912849;0;1241.00;1;0;1
913505;0;1274.00;1;0;1
914110;0;1160.00;1;0;1
914714;0;1276.00;1;0;1
915238;0;1258.00;1;0;1
915891;0;1197.00;1;0;1
916498;0;1230.00;1;0;1
917152;0;1299.00;1;0;1
917756;0;1242.00;1;0;1
918283;0;1259.00;1;0;1
918939;0;1225.00;1;0;1
919545;0;1254.00;1;0;1
920149;0;1260.00;1;0;1
920753;0;1245.00;1;0;1
921290;0;1233.00;1;0;1
921944;0;1220.00;1;0;1
922552;0;1216.00;1;0;1
923160;0;1282.00;1;0;1
923766;0;1202.00;1;0;1
924291;0;1221.00;1;0;1
924895;0;1251.00;1;0;1
925513;0;1232.00;1;0;1
926118;0;1275.00;1;0;1
926725;0;1242.00;1;0;1
927247;0;1276.00;1;0;1
927901;0;1249.00;1;0;1
928504;0;1253.00;1;0;1
929106;0;1250.00;1;0;1
929762;0;1290.00;1;0;1
930285;0;1243.00;1;0;1
930888;0;1224.00;1;0;1
931491;0;1234.00;1;0;1
932146;0;1229.00;1;0;1
932748;0;1219.00;1;0;1
933272;0;1262.00;1;0;1
933877;0;1246.00;1;0;1
934530;0;1233.00;1;0;1
935136;0;1261.00;1;0;1
935792;0;1251.00;1;0;1
936322;0;1235.00;1;0;1
936924;0;1237.00;1;0;1
937526;0;1242.00;1;0;1
938181;0;1199.00;1;0;1
938783;0;1260.00;1;0;1
939306;0;1264.00;1;0;1
939913;0;1238.00;1;0;1
940516;0;1223.00;1;0;1
941120;0;1256.00;1;0;1
941776;0;1244.00;1;0;1
942298;0;1180.00;1;0;1
942900;0;2293.00;1;0;1
943504;10.00;2114.00;1;0;1
944127;21.00;2524.00;1;0;1
944734;31.00;3460.00;1;0;1
945312;42.00;4568.00;1;0;1
945922;48.00;3796.00;1;0;1
946530;57.00;4459.00;1;0;1
947189;67.00;5229.00;1;0;1
947798;75.00;5782.00;1;0;1
948325;82.00;6401.00;1;0;1
948989;90.00;6740.00;1;0;1
949597;95.00;5781.00;1;0;1
950204;100.00;6117.00;1;0;1
950817;105.00;6474.00;1;0;1
951396;108.00;5611.00;1;0;1
952009;112.00;5798.00;1;0;1
952619;112.00;5436.00;1;0;1
953273;117.00;5388.00;0;0;1
953897;121.00;5526.00;1;0;1
954514;121.00;5112.00;1;0;1
955117;122.00;5167.00;1;0;1
955725;122.00;5187.00;1;0;1
956327;125.00;5308.00;1;0;1
956936;127.00;5411.00;0;0;1
957600;131.00;5564.00;1;0;1
958219;133.00;5665.00;1;0;1
958825;135.00;5746.00;1;0;1
959409;137.00;5845.00;0;0;1
960072;138.00;5893.00;1;0;1
960686;140.00;5905.00;1;0;1
961294;140.00;5922.00;1;0;1
961900;138.00;5881.00;1;0;1
962557;138.00;5889.00;1;0;1
963162;138.00;5884.00;0;0;1
963819;138.00;5850.00;1;0;1
964350;138.00;5845.00;1;0;1
964954;138.00;5896.00;1;0;1
965562;138.00;5886.00;1;0;1
966166;137.00;5826.00;1;0;1
966773;137.00;5803.00;1;0;1
967346;136.00;5760.00;1;0;1
967953;135.00;5706.00;1;0;1
968560;133.00;5662.00;1;0;1
969172;133.00;5635.00;1;0;1
969830;133.00;5647.00;1;0;1
970404;133.00;5700.00;0;0;1
971011;135.00;5725.00;1;0;1
971684;135.00;5743.00;1;0;1
972290;135.00;5713.00;1;0;1
972893;135.00;5687.00;1;0;1
973497;132.00;5614.00;1;0;1
974108;130.00;5559.00;1;0;1
974714;126.00;5345.00;1;0;1
975323;123.00;5238.00;1;0;1
975932;121.00;5119.00;1;0;1
976538;117.00;4946.00;1;0;1
977144;115.00;4861.00;1;0;1
977802;112.00;4850.00;1;0;1
978329;111.00;4722.00;1;0;1
978936;111.00;4693.00;1;0;1
979592;110.00;4647.00;1;0;1
980199;110.00;4670.00;1;0;1
980804;110.00;4671.00;1;0;1
981329;110.00;4652.00;1;0;1
981936;110.00;4671.00;1;0;1
982540;110.00;4641.00;1;0;1
983196;108.00;4583.00;1;0;1
983803;107.00;4567.00;1;0;1
984330;106.00;4495.00;1;0;1
984940;105.00;4427.00;1;0;1
985546;102.00;4356.00;1;0;1
986205;101.00;4284.00;1;0;1
986811;100.00;4229.00;1;0;1
987339;100.00;4222.00;1;0;1
987993;100.00;4249.00;1;0;1
988597;100.00;4220.00;1;0;1
989253;98.00;4207.00;1;0;1
989861;98.00;4197.00;1;0;1
990386;98.00;4194.00;1;0;1
990991;98.00;4180.00;1;0;1
991645;100.00;4229.00;1;0;1
992255;100.00;4272.00;1;0;1
992858;101.00;4267.00;1;0;1
993434;101.00;4279.00;1;0;1
994054;101.00;4293.00;1;0;1
994659;101.00;4285.00;1;0;1
995263;101.00;4256.00;1;0;1
995917;100.00;4239.00;1;0;1
996525;100.00;4222.00;1;0;1
997183;100.00;4267.00;1;0;1
997786;101.00;4293.00;1;0;1
998313;101.00;4316.00;1;0;1
998981;101.00;4321.00;1;0;1
999589;102.00;4345.00;1;0;1
1000200;103.00;4370.00;1;0;1
1000808;103.00;4379.00;1;0;1
1001334;103.00;4395.00;1;0;1
1001941;102.00;4355.00;1;0;1
1002547;102.00;4347.00;1;0;1
1003252;102.00;4370.00;1;0;1
1003907;103.00;4410.00;1;0;1
1004518;103.00;4387.00;1;0;1
1005126;103.00;4409.00;1;0;1
1005778;106.00;4470.00;1;0;1
1006389;107.00;4535.00;1;0;1
1006998;107.00;4555.00;1;0;1
1007601;108.00;4585.00;1;0;1
1008260;108.00;4627.00;1;0;1
1008862;108.00;4619.00;1;0;1
1009387;108.00;4613.00;1;0;1
1009991;108.00;4585.00;1;0;1
1010594;108.00;4589.00;1;0;1
1011252;107.00;4585.00;1;0;1
1011918;108.00;4583.00;1;0;1
1012524;107.00;4578.00;1;0;1
1013189;108.00;4592.00;1;0;1
1013797;107.00;4581.00;1;0;1
1014409;108.00;4586.00;1;0;1
1015066;108.00;4583.00;1;0;1
1015669;108.00;4595.00;1;0;1
1016272;108.00;4605.00;1;0;1
1016830;108.00;4606.00;1;0;1
1017407;110.00;4655.00;1;0;1
1018064;110.00;4648.00;1;0;1
1018668;110.00;4654.00;1;0;1
1019322;107.00;4583.00;1;0;1
1019933;106.00;4518.00;1;0;1
1020539;102.00;4354.00;1;0;1
1021148;100.00;4228.00;1;0;1
1021803;97.00;4132.00;1;0;1
1022411;96.00;4120.00;1;0;1
1023016;95.00;4030.00;1;0;1
1023674;95.00;3968.00;1;0;1
1024280;92.00;3931.00;1;0;1
1024939;91.00;3841.00;1;0;1
1025550;90.00;3841.00;1;0;1
1026212;90.00;3795.00;1;0;1
1026816;88.00;3775.00;1;0;1
1027391;88.00;3757.00;1;0;1
1028045;88.00;3790.00;1;0;1
1028649;88.00;3761.00;1;0;1
1029252;88.00;3780.00;1;0;1
1029907;90.00;3805.00;1;0;1
1030484;88.00;3669.00;1;0;1
1031090;87.00;3694.00;1;0;1
1031749;86.00;3628.00;1;0;1
1032357;83.00;3544.00;1;0;1
1032964;81.00;3480.00;1;0;1
1033574;81.00;3467.00;1;0;1
1034179;80.00;3382.00;1;0;1
1034837;80.00;3406.00;1;0;1
1035362;80.00;3392.00;1;0;1
1035967;80.00;3421.00;1;0;1
1036573;80.00;3374.00;1;0;1
1037176;80.00;3420.00;1;0;1
1037779;80.00;3409.00;1;0;1
1038433;80.00;3406.00;1;0;1
1039037;81.00;3430.00;1;0;1
1039646;81.00;3449.00;1;0;1
1040253;82.00;3501.00;1;0;1
1040862;82.00;3514.00;1;0;1
1041384;83.00;3552.00;1;0;1
1041994;83.00;3538.00;1;0;1
1042599;82.00;3506.00;1;0;1
1043206;82.00;3508.00;1;0;1
1043860;81.00;3450.00;1;0;1
1044388;81.00;3436.00;1;0;1
1044994;82.00;3479.00;1;0;1
1045601;83.00;3539.00;1;0;1
1046262;86.00;3636.00;1;0;1
1046872;86.00;3679.00;1;0;1
1047430;88.00;3780.00;1;0;1
1048036;90.00;3822.00;1;0;1
1048646;92.00;3897.00;1;0;1
1049264;93.00;3987.00;1;0;1
1049872;95.00;4031.00;1;0;1
1050400;96.00;4090.00;1;0;1
1051009;97.00;4143.00;1;0;1
1051616;97.00;4135.00;1;0;1
1052220;98.00;4210.00;1;0;1
1052878;100.00;4227.00;1;0;1
1053409;100.00;4237.00;1;0;1
1054013;100.00;4235.00;1;0;1
1054668;100.00;4261.00;1;0;1
1055274;101.00;4282.00;1;0;1
1055932;100.00;4262.00;1;0;1
1056510;100.00;4248.00;1;0;1
1057115;100.00;4236.00;1;0;1
1057769;98.00;4228.00;1;0;1
1058378;100.00;4221.00;1;0;1
1058992;100.00;4214.00;1;0;1
1059595;98.00;4173.00;1;0;1
1060202;97.00;4139.00;1;0;1
1060860;97.00;4143.00;1;0;1
1061384;96.00;4071.00;1;0;1
1061990;95.00;3989.00;1;0;1
1062602;92.00;3991.00;1;0;1
1063211;92.00;3874.00;1;0;1
1063817;91.00;3862.00;1;0;1
1064472;90.00;3805.00;1;0;1
1065082;88.00;3782.00;1;0;1
1065690;88.00;3732.00;1;0;1
1066293;86.00;3676.00;1;0;1
1066901;86.00;3652.00;1;0;1
1067526;85.00;3588.00;1;0;1
1068133;82.00;3503.00;1;0;1
1068744;81.00;3476.00;1;0;1
1069356;81.00;3462.00;1;0;1
1069958;82.00;3480.00;1;0;1
1070486;81.00;3497.00;1;0;1
1071147;81.00;3453.00;1;0;1
1071749;81.00;3460.00;1;0;1
1072372;82.00;3474.00;1;0;1
1072982;83.00;3534.00;1;0;1
1073588;85.00;3600.00;1;0;1
1074113;87.00;3698.00;1;0;1
1074724;90.00;3801.00;1;0;1
1075332;92.00;3908.00;1;0;1
1075937;93.00;3641.00;1;0;1
1076465;88.00;3736.00;1;0;1
1077130;75.00;3168.00;1;0;1
1077737;57.00;2429.00;1;0;1
1078398;42.00;1798.00;1;0;1
1079004;41.00;2728.00;1;0;1
1079617;41.00;2713.00;1;0;1
1080220;41.00;2106.00;1;0;1
1080878;38.00;2066.00;1;0;1
1081483;36.00;1884.00;1;0;1
1082141;31.00;1642.00;1;0;1
1082747;27.00;1440.00;1;0;1
1083353;25.00;1308.00;1;0;1
1084011;26.00;1664.00;1;0;1
1084618;27.00;2321.00;1;0;1
1085228;33.00;2533.00;1;0;1
1085837;41.00;2830.00;1;0;1
1086450;48.00;2967.00;1;0;1
1087058;55.00;3330.00;1;0;1
1087669;55.00;3397.00;1;0;1
1088273;56.00;3407.00;1;0;1
1088881;55.00;3404.00;1;0;1
1089493;55.00;3192.00;1;0;1
1090099;52.00;3272.00;1;0;1
1090757;51.00;3144.00;1;0;1
1091366;48.00;3021.00;1;0;1
1092076;47.00;2909.00;1;0;1
1092685;46.00;2759.00;1;0;1
1093294;45.00;2720.00;1;0;1
1093900;43.00;2650.00;1;0;1
1094433;42.00;2567.00;1;0;1
1095040;41.00;2548.00;1;0;1
1095646;40.00;2478.00;1;0;1
1096303;38.00;2371.00;1;0;1
1096911;38.00;2387.00;1;0;1
1097440;37.00;2340.00;1;0;1
1098097;38.00;2371.00;1;0;1
1098704;38.00;2372.00;1;0;1
1099309;38.00;2410.00;1;0;1
1099914;41.00;2519.00;1;0;1
1100441;42.00;2642.00;1;0;1
1101056;45.00;2740.00;1;0;1
1101667;46.00;2785.00;1;0;1
1102275;46.00;2747.00;1;0;1
1102881;45.00;2754.00;1;0;1
1103491;42.00;2588.00;1;0;1
1104150;40.00;2511.00;1;0;1
1104758;38.00;2353.00;1;0;1
1105416;37.00;2288.00;1;0;1
1106023;36.00;2234.00;1;0;1
1106681;36.00;2184.00;1;0;1
1107284;35.00;2149.00;1;0;1
1107892;35.00;2124.00;1;0;1
1108493;33.00;2091.00;1;0;1
1109158;33.00;2058.00;1;0;1
1109763;32.00;1938.00;1;0;1
1110372;31.00;1897.00;1;0;1
1110980;30.00;1798.00;1;0;1
1111504;28.00;1677.00;1;0;1
1112111;27.00;1684.00;1;0;1
1112721;26.00;1657.00;1;0;1
1113379;26.00;1672.00;1;0;1
1113982;26.00;1633.00;1;0;1
1114507;26.00;3028.00;1;0;1
1115112;27.00;2401.00;1;0;1
1115772;28.00;2249.00;1;0;1
1116383;27.00;1862.00;1;0;1
1117041;27.00;2214.00;1;0;1
1117646;28.00;2276.00;1;0;1
1118255;32.00;2523.00;1;0;1
1118913;35.00;2772.00;1;0;1
1119533;37.00;2897.00;1;0;1
1120141;40.00;3111.00;1;0;1
1120748;45.00;3520.00;1;0;1
1121406;55.00;4250.00;1;0;1
1122018;63.00;4954.00;1;0;1
1122600;68.00;4221.00;1;0;1
1123207;76.00;4692.00;1;0;1
1123814;80.00;4934.00;1;0;1
1124471;81.00;5050.00;1;0;1
1125079;83.00;4331.00;1;0;1
1125738;85.00;4442.00;1;0;1
1126346;86.00;4292.00;1;0;1
1127006;87.00;4027.00;1;0;1
1127534;86.00;3980.00;1;0;1
1128140;83.00;3839.00;1;0;1
1128798;81.00;3716.00;1;0;1
1129405;78.00;3637.00;1;0;1
1130011;77.00;3500.00;1;0;1
1130540;76.00;3507.00;1;0;1
1131147;77.00;3575.00;1;0;1
1131809;80.00;3664.00;1;0;1
1132416;80.00;3468.00;1;0;1
1133021;80.00;3386.00;1;0;1
1133544;80.00;3418.00;1;0;1
1134149;81.00;3436.00;1;0;1
1134858;83.00;3563.00;1;0;1
1135465;87.00;3668.00;1;0;1
1136073;87.00;3712.00;1;0;1
1136683;87.00;3712.00;1;0;1
1137335;88.00;3762.00;1;0;1
1137992;90.00;3791.00;1;0;1
1138521;90.00;3802.00;1;0;1
1139124;90.00;3806.00;1;0;1
1139733;90.00;3822.00;1;0;1
1140336;90.00;3853.00;1;0;1
1140942;90.00;3849.00;1;0;1
1141547;91.00;3867.00;1;0;1
1142156;91.00;3848.00;1;0;1
1142759;91.00;3858.00;1;0;1
1143360;90.00;3829.00;1;0;1
1144019;88.00;3783.00;1;0;1
1144545;88.00;3765.00;1;0;1
1145152;87.00;3728.00;1;0;1
1145777;87.00;3700.00;1;0;1
1146380;87.00;3732.00;1;0;1
1146986;87.00;3736.00;1;0;1
1147510;88.00;3726.00;1;0;1
1148118;88.00;3780.00;1;0;1
1148722;90.00;3805.00;1;0;1
1149331;90.00;3791.00;1;0;1
1149935;88.00;3785.00;1;0;1
1150541;88.00;3764.00;1;0;1
1151145;88.00;3774.00;1;0;1
1151799;88.00;3786.00;1;0;1
1152457;88.00;3789.00;1;0;1
1153041;88.00;3770.00;1;0;1
1153566;88.00;3758.00;1;0;1
1154219;88.00;3758.00;1;0;1
1154876;90.00;3779.00;1;0;1
1155484;90.00;3804.00;1;0;1
1156090;90.00;3837.00;1;0;1
1156698;91.00;3864.00;1;0;1
1157305;91.00;3881.00;1;0;1
1157908;92.00;3911.00;1;0;1
1158518;92.00;3941.00;1;0;1
1159173;93.00;3956.00;1;0;1
1159781;93.00;3939.00;1;0;1
1160386;92.00;3950.00;1;0;1
1160994;92.00;3942.00;1;0;1
1161517;92.00;3938.00;1;0;1
1162121;92.00;3948.00;1;0;1
1162774;92.00;3918.00;1;0;1
1163377;92.00;3890.00;1;0;1
1163982;91.00;3892.00;1;0;1
1164592;91.00;3883.00;1;0;1
1165195;90.00;3848.00;1;0;1
1165809;90.00;3843.00;1;0;1
1166413;90.00;3835.00;1;0;1
1167019;90.00;3806.00;1;0;1
1167593;88.00;3779.00;1;0;1
1168203;88.00;3777.00;1;0;1
1168859;88.00;3792.00;1;0;1
1169461;88.00;3772.00;1;0;1
1170066;88.00;3783.00;1;0;1
1170589;88.00;3751.00;1;0;1
1171194;88.00;3785.00;1;0;1
1171799;88.00;3771.00;1;0;1
1172462;88.00;3762.00;1;0;1
1173065;88.00;3730.00;1;0;1
1173589;87.00;3734.00;1;0;1
1174196;87.00;3701.00;1;0;1
1174855;87.00;3710.00;1;0;1
1175459;87.00;3717.00;1;0;1
1176066;87.00;3733.00;1;0;1
1176588;87.00;3696.00;1;0;1
1177191;86.00;3683.00;1;0;1
1177901;85.00;3639.00;1;0;1
1178508;85.00;3581.00;1;0;1
1179162;83.00;3535.00;1;0;1
1179785;83.00;3583.00;1;0;1
1180392;85.00;3570.00;1;0;1
1180998;85.00;3627.00;1;0;1
1181598;85.00;3660.00;1;0;1
1182259;86.00;3653.00;1;0;1
1182865;86.00;3658.00;1;0;1
1183522;86.00;3673.00;1;0;1
1184177;87.00;3711.00;1;0;1
1184797;88.00;3739.00;1;0;1
1185408;88.00;3792.00;1;0;1
1186065;88.00;3783.00;1;0;1
1186589;90.00;3808.00;1;0;1
1187246;88.00;3776.00;1;0;1
1187852;91.00;3755.00;1;0;1
1188509;90.00;3806.00;1;0;1
1189167;90.00;3801.00;1;0;1
1189776;90.00;3841.00;1;0;1
1190378;91.00;3853.00;1;0;1
1190985;92.00;3902.00;1;0;1
1191596;93.00;3987.00;1;0;1
1192257;93.00;3983.00;1;0;1
1192860;93.00;3994.00;1;0;1
1193463;95.00;4010.00;1;0;1
1194121;93.00;3958.00;1;0;1
1194698;93.00;3954.00;1;0;1
1195302;92.00;3959.00;1;0;1
1195908;92.00;3959.00;1;0;1
1196508;93.00;3963.00;1;0;1
1197116;93.00;3969.00;1;0;1
1197638;93.00;3994.00;1;0;1
1198294;92.00;3945.00;1;0;1
1198903;92.00;3923.00;1;0;1
1199558;91.00;3867.00;1;0;1
1200170;91.00;3854.00;1;0;1
1200771;90.00;3850.00;1;0;1
1201429;90.00;3827.00;1;0;1
1202032;90.00;3840.00;1;0;1
1202636;90.00;3785.00;1;0;1
1203240;88.00;3746.00;1;0;1
1203849;87.00;3677.00;1;0;1
1204507;83.00;3571.00;1;0;1
1205116;81.00;3212.00;1;0;1
1205642;78.00;2031.00;1;0;1
1206249;76.00;3054.00;1;0;1
1206857;72.00;2731.00;1;0;1
1207464;70.00;2972.00;1;0;1
1208122;67.00;2822.00;1;0;1
1208648;63.00;2693.00;1;0;1
1209258;61.00;2612.00;1;0;1
1209869;58.00;2469.00;1;0;1
1210478;56.00;2374.00;1;0;1
1211087;55.00;2349.00;1;0;1
1211614;52.00;2232.00;1;0;1
1212227;50.00;2125.00;1;0;1
1212835;47.00;2045.00;1;0;1
1213441;45.00;1933.00;1;0;1
1214100;43.00;1309.00;1;0;1
1214675;42.00;1742.00;1;0;1
1215282;40.00;1837.00;1;0;1
1215888;37.00;1754.00;1;0;1
1216548;35.00;1639.00;1;0;1
1217159;31.00;1476.00;1;0;1
1217819;27.00;1450.00;1;0;1
1218425;23.00;1297.00;1;0;1
1219046;22.00;1812.00;1;0;1
1219654;21.00;1311.00;1;0;1
1220314;21.00;2711.00;1;0;1
1220917;26.00;2152.00;1;0;1
1221524;32.00;2572.00;1;0;1
1222182;41.00;3262.00;1;0;1
1222790;48.00;3826.00;1;0;1
1223448;55.00;3866.00;1;0;1
1224056;60.00;3641.00;1;0;1
1224665;62.00;3851.00;1;0;1
1225274;65.00;3937.00;1;0;1
1225881;67.00;4119.00;1;0;1
1226489;67.00;3514.00;1;0;1
1227094;66.00;3440.00;1;0;1
1227676;66.00;3068.00;1;0;1
1228280;65.00;2977.00;1;0;1
1228887;63.00;2935.00;1;0;1
1229495;61.00;2828.00;1;0;1
1230105;60.00;2732.00;1;0;1
1230633;57.00;2654.00;1;0;1
1231292;56.00;2596.00;1;0;1
1231900;55.00;2516.00;1;0;1
1232559;53.00;2478.00;1;0;1
1233217;48.00;2252.00;1;0;1
1233825;45.00;2067.00;1;0;1
1234433;40.00;1865.00;1;0;1
1235096;37.00;1727.00;1;0;1
1235623;35.00;1753.00;1;0;1
1236233;31.00;1671.00;1;0;1
1236894;28.00;1660.00;1;0;1
1237504;25.00;1526.00;1;0;1
1238159;22.00;1371.00;1;0;1
1238737;18.00;1443.00;1;0;1
1239343;16.00;1297.00;1;0;1
1239950;13.00;1355.00;1;0;1
1240612;12.00;1311.00;1;0;1
1241220;10.00;1269.00;1;0;1
1241879;8.00;1274.00;1;0;1
1242496;5.00;1228.00;1;0;1
1243154;3.00;1273.00;1;0;1
1243681;2.00;1239.00;1;0;1
1244287;0;1279.00;1;0;1
1244893;0;1270.00;1;0;1
1245596;0;1220.00;1;0;1
1246202;0;1280.00;1;0;1
1246806;0;1271.00;1;0;1
1247410;0;1256.00;1;0;1
1248063;0;1325.00;1;0;1
1248717;0;1248.00;1;0;1
1249323;0;1272.00;1;0;1
1249927;0;1256.00;1;0;1
1250529;0;1229.00;1;0;1
1251135;0;1246.00;1;0;1
1251658;0;1235.00;1;0;1
1252262;0;1233.00;1;0;1
1252967;0;1284.00;1;0;1
1253573;0;1273.00;1;0;1
1254176;0;1242.00;1;0;1
1254701;0;1268.00;1;0;1
1255303;0;1200.00;1;0;1
1255907;0;1235.00;1;0;1
1256559;0;1258.00;1;0;1
1257164;0;1228.00;1;0;1
1257739;0;1221.00;1;0;1
1258395;0;1282.00;1;0;1
1258999;0;1228.00;1;0;1
1259602;0;1249.00;1;0;1
1260209;0;1243.00;1;0;1
1260864;0;1271.00;1;0;1
1261466;0;1280.00;1;0;1
1262071;0;1236.00;1;0;1
1262675;0;1239.00;1;0;1
1263277;0;1255.00;1;0;1
1263878;0;1250.00;1;0;1
1264479;0;1221.00;1;0;1
1265136;0;1248.00;1;0;1
1265709;0;1259.00;1;0;1
1266361;0;1266.00;1;0;1
1266965;0;1205.00;1;0;1
1267573;0;1251.00;1;0;1
1268180;0;1258.00;1;0;1
1268702;0;1235.00;1;0;1
1269305;0;1285.00;1;0;1
1269907;0;1184.00;1;0;1
1270612;0;1228.00;1;0;1
1271216;0;1223.00;1;0;1
1271791;0;1267.00;1;0;1
1272396;0;1229.00;1;0;1
1272999;0;1205.00;1;0;1
1273602;0;1259.00;1;0;1
1274211;0;1280.00;1;0;1
1274788;0;1234.00;1;0;1
1275392;0;1291.00;1;0;1
1275996;0;1194.00;1;0;1
1276599;0;1204.00;1;0;1
1277208;0;1236.00;1;0;1
1277730;0;1257.00;1;0;1
1278383;0;1265.00;1;0;1
1279037;0;1243.00;1;0;1
1279639;0;1208.00;1;0;1
1280243;0;1240.00;1;0;1
1280846;0;1254.00;1;0;1
1281368;0;1235.00;1;0;1
1281974;0;1238.00;1;0;1
1282578;0;1239.00;1;0;1
1283180;0;1269.00;1;0;1
1283703;0;1288.00;1;0;1
1284303;0;1264.00;1;0;1
1284912;0;1204.00;1;0;1
1285566;0;1206.00;1;0;1
1286172;0;1191.00;1;0;1
1286695;0;1229.00;1;0;1
1287349;0;1218.00;1;0;1
1287954;0;1247.00;1;0;1
1288557;0;1286.00;1;0;1
1289161;0;1271.00;1;0;1
1289685;0;1235.00;1;0;1
1290297;0;1208.00;1;0;1
1290950;0;1192.00;1;0;1
1291556;0;1265.00;1;0;1
1292174;0;1236.00;1;0;1
1292703;0;1180.00;1;0;1
1293312;0;1247.00;1;0;1
1293915;0;1249.00;1;0;1
1294518;0;1222.00;1;0;1
1295123;0;1218.00;1;0;1
1295728;0;1247.00;1;0;1
1296336;0;1254.00;1;0;1
1296938;0;1244.00;1;0;1
1297542;0;1204.00;1;0;1
1298145;0;1217.00;1;0;1
1298749;0;1222.00;1;0;1
1299356;0;1252.00;1;0;1
1299961;0;1241.00;1;0;1
1300568;0;1264.00;1;0;1
1301173;0;1253.00;1;0;1
1301696;0;1268.00;1;0;1
1302298;0;1255.00;1;0;1
1302900;0;1237.00;1;0;1
1303505;0;1238.00;1;0;1
1304158;0;1244.00;1;0;1
1304762;0;1265.00;1;0;1
1305415;0;1244.00;1;0;1
1306017;0;1246.00;1;0;1
1306621;0;1220.00;1;0;1
1307224;0;1270.00;1;0;1
1307750;0;1260.00;1;0;1
1308354;0;1247.00;1;0;1
1308956;0;1264.00;1;0;1
1309558;0;1224.00;1;0;1
1310161;0;1269.00;1;0;1
1310817;0;1224.00;1;0;1
1311423;0;1232.00;1;0;1
1312027;0;1255.00;1;0;1
1312630;0;1217.00;1;0;1
1313238;0;1262.00;1;0;1
1313761;0;1255.00;1;0;1
1314366;0;2749.00;1;0;1
1315021;10.00;1860.00;1;0;1
1315640;18.00;2147.00;1;0;1
1316250;25.00;2736.00;1;0;1
1316776;30.00;3304.00;1;0;1
1317385;35.00;3887.00;1;0;1
1317996;41.00;4542.00;1;0;1
1318655;48.00;5331.00;1;0;1
1319263;52.00;5060.00;1;0;1
1319790;55.00;4296.00;1;0;1
1320398;57.00;4508.00;1;0;1
1321004;57.00;3518.00;1;0;1
1321609;58.00;3575.00;1;0;1
1322214;58.00;3577.00;1;0;1
1322794;58.00;3594.00;1;0;1
1323399;58.00;3598.00;1;0;1
1324002;58.00;3608.00;1;0;1
1324657;57.00;3553.00;1;0;1
1325264;57.00;3529.00;1;0;1
1325786;57.00;3530.00;1;0;1
1326389;57.00;3491.00;1;0;1
1326994;56.00;3458.00;1;0;1
1327604;56.00;3436.00;1;0;1
1328207;53.00;3240.00;1;0;1
1328732;48.00;2948.00;1;0;1
1329340;43.00;2679.00;1;0;1
1329996;40.00;2448.00;1;0;1
1330608;36.00;2241.00;1;0;1
1331215;33.00;2034.00;1;0;1
1331743;30.00;1847.00;1;0;1
1332403;26.00;1662.00;1;0;1
1333024;23.00;1451.00;1;0;1
1333632;21.00;1383.00;1;0;1
1334243;20.00;1562.00;1;0;1
1334769;17.00;1455.00;1;0;1
1335376;18.00;1738.00;1;0;1
1336034;22.00;1769.00;1;0;1
1336645;26.00;2079.00;1;0;1
1337303;30.00;2398.00;1;0;1
1337883;38.00;3043.00;1;0;1
1338494;47.00;3737.00;1;0;1
1339153;57.00;4433.00;1;0;1
1339763;65.00;5078.00;1;0;1
1340383;72.00;5561.00;1;0;1
1340990;73.00;4536.00;1;0;1
1341598;77.00;4776.00;1;0;1
1342257;82.00;5117.00;1;0;1
1342836;83.00;4358.00;1;0;1
1343444;86.00;4495.00;1;0;1
1344049;87.00;4529.00;1;0;1
1344708;86.00;4497.00;1;0;1
1345314;86.00;4507.00;1;0;1
1345887;82.00;4201.00;1;0;1
1346502;73.00;3811.00;1;0;1
1347107;62.00;3236.00;1;0;1
1347765;51.00;2688.00;1;0;1
1348373;47.00;4073.00;1;0;1
1348981;46.00;3272.00;1;0;1
1349638;51.00;3473.00;1;0;1
1350246;56.00;3534.00;1;0;1
1350775;61.00;3746.00;1;0;1
1351382;66.00;4059.00;1;0;1
1352041;71.00;4339.00;1;0;1
1352648;73.00;4492.00;1;0;1
1353258;76.00;4658.00;1;0;1
1353785;81.00;4990.00;1;0;1
1354391;82.00;4353.00;1;0;1
1355052;87.00;4529.00;1;0;1
1355670;90.00;4696.00;1;0;1
1356278;92.00;4806.00;1;0;1
1356805;95.00;4953.00;1;0;1
1357411;96.00;4857.00;1;0;1
1358019;97.00;4524.00;1;0;1
1358627;98.00;4572.00;1;0;1
1359286;100.00;4598.00;1;0;1
1359819;101.00;4680.00;1;0;1
1360480;103.00;4739.00;1;0;1
1361088;102.00;4623.00;1;0;1
1361697;102.00;4330.00;1;0;1
1362299;102.00;4300.00;1;0;1
1362822;102.00;4334.00;1;0;1
1363424;101.00;4275.00;1;0;1
1364032;101.00;4301.00;1;0;1
1364703;101.00;4274.00;1;0;1
1365364;102.00;4284.00;1;0;1
1365974;101.00;4267.00;1;0;1
1366581;100.00;4250.00;1;0;1
1367187;100.00;4254.00;1;0;1
1367794;98.00;4174.00;1;0;1
1368402;98.00;4158.00;1;0;1
1369005;97.00;4143.00;1;0;1
1369611;93.00;3962.00;1;0;1
1370270;88.00;3689.00;1;0;1
1370799;81.00;3407.00;1;0;1
1371404;71.00;3004.00;1;0;1
1372013;61.00;2619.00;1;0;1
1372621;52.00;2215.00;1;0;1
1373236;43.00;1860.00;1;0;1
1373843;35.00;1496.00;1;0;1
1374450;25.00;1335.00;1;0;1
1375057;17.00;1285.00;1;0;1
1375667;12.00;1351.00;1;0;1
1376275;10.00;1300.00;1;0;1
1376802;7.00;1260.00;1;0;1
1377411;6.00;1285.00;1;0;1
1378020;3.00;1283.00;1;0;1
1378629;0;1272.00;1;0;1
1379240;0;1293.00;1;0;1
1379845;0;1288.00;1;0;1
1380448;0;1294.00;1;0;1
1381051;0;1233.00;1;0;1
1381654;0;1192.00;1;0;1
1382256;0;1279.00;1;0;1
1382858;0;1279.00;1;0;1
1383458;0;1273.00;1;0;1
1384062;0;1308.00;1;0;1
1384666;0;1290.00;1;0;1
1385272;0;1258.00;1;0;1
1385796;0;1242.00;1;0;1
1386398;0;1286.00;1;0;1
1387052;0;1229.00;1;0;1
1387708;0;1262.00;1;0;1
1388313;0;1242.00;1;0;1
1388886;0;1269.00;1;0;1
1389491;0;1240.00;1;0;1
1390094;0;1276.00;1;0;1
1390698;0;1239.00;1;0;1
1391300;0;1245.00;1;0;1
1391824;0;1278.00;1;0;1
1392428;0;1267.00;1;0;1
1393030;0;1293.00;1;0;1
1393636;0;1251.00;1;0;1
1394239;0;1272.00;1;0;1
1394841;0;1229.00;1;0;1
1395441;0;1250.00;1;0;1
1396045;0;1251.00;1;0;1
1396648;0;1234.00;1;0;1
1397253;0;1245.00;1;0;1
1397906;0;1228.00;1;0;1
1398514;0;1277.00;1;0;1
1399118;0;1221.00;1;0;1
1399723;0;1304.00;1;0;1
1400326;0;1227.00;1;0;1
1400848;0;1300.00;1;0;1
1401452;0;1251.00;1;0;1
1402056;0;1245.00;1;0;1
1402659;0;1232.00;1;0;1
1403262;0;1234.00;1;0;1
1403866;0;1201.00;1;0;1
1404471;0;1236.00;1;0;1
1405122;0;3956.00;1;0;1
1405775;10.00;3069.00;1;0;1
1406443;23.00;2947.00;1;0;1
1407053;37.00;4125.00;1;0;1
1407710;48.00;5006.00;1;0;1
1408319;55.00;4285.00;1;0;1
1408847;66.00;5076.00;1;0;1
1409456;72.00;5527.00;1;0;1
1410062;77.00;4762.00;1;0;1
1410671;85.00;5181.00;1;0;1
1411279;87.00;4945.00;1;0;1
1411939;92.00;4817.00;1;0;1
1412602;97.00;5047.00;1;0;1
1413213;100.00;5212.00;1;0;1
1413879;101.00;4636.00;1;0;1
1414538;102.00;4725.00;1;0;1
1415146;103.00;4770.00;1;0;1
1415755;106.00;4887.00;1;0;1
1416366;107.00;4922.00;1;0;1
1416891;107.00;4915.00;1;0;1
1417495;106.00;4882.00;1;0;1
1418156;105.00;4828.00;1;0;1
1418763;105.00;4835.00;1;0;1
1419417;106.00;4869.00;1;0;1
1420030;106.00;4927.00;1;0;1
1420632;107.00;4923.00;1;0;1
1421242;106.00;4881.00;1;0;1
1421847;105.00;4858.00;1;0;1
1422463;103.00;4808.00;1;0;1
1423070;103.00;4748.00;1;0;1
1423673;102.00;4686.00;1;0;1
1424279;101.00;4674.00;1;0;1
1424887;101.00;4638.00;1;0;1
1425496;101.00;4645.00;1;0;1
1426102;101.00;4625.00;1;0;1
1426706;101.00;4638.00;1;0;1
1427308;101.00;4680.00;1;0;1
1427911;102.00;4709.00;1;0;1
1428521;102.00;4696.00;1;0;1
1429179;101.00;4665.00;1;0;1
1429788;101.00;4668.00;1;0;1
1430392;101.00;4639.00;1;0;1
1430917;101.00;4641.00;1;0;1
1431520;101.00;4681.00;0;0;1
1432130;101.00;4657.00;1;0;1
1432792;100.00;4606.00;1;0;1
1433401;98.00;4547.00;1;0;1
1433927;97.00;4510.00;1;0;1
1434537;97.00;4508.00;1;0;1
1435243;97.00;4459.00;1;0;1
1435849;97.00;4479.00;1;0;1
1436455;98.00;4512.00;1;0;1
1437063;98.00;4567.00;1;0;1
1437716;100.00;4595.00;1;0;1
1438344;100.00;4621.00;1;0;1
1438867;98.00;4549.00;1;0;1
1439475;100.00;4583.00;1;0;1
1440086;100.00;4589.00;1;0;1
1440703;98.00;4551.00;1;0;1
1441361;97.00;4516.00;1;0;1
1441939;96.00;4441.00;1;0;1
1442547;95.00;4403.00;1;0;1
1443156;95.00;4377.00;1;0;1
1443761;95.00;4365.00;1;0;1
1444418;95.00;4380.00;1;0;1
1444943;95.00;4387.00;1;0;1
1445598;96.00;4423.00;1;0;1
1446205;96.00;4416.00;1;0;1
1446810;97.00;4482.00;1;0;1
1447418;97.00;4475.00;1;0;1
1447942;97.00;4481.00;1;0;1
1448545;97.00;4491.00;1;0;1
1449148;97.00;4500.00;1;0;1
1449751;98.00;4486.00;1;0;1
1450359;97.00;4477.00;1;0;1
1450886;97.00;4515.00;1;0;1
1451540;98.00;4503.00;1;0;1
1452147;98.00;4496.00;1;0;1
1452750;98.00;4534.00;1;0;1
1453356;100.00;4575.00;1;0;1
1453942;100.00;4589.00;1;0;1
1454544;101.00;4629.00;1;0;1
1455205;101.00;4662.00;1;0;1
1455861;101.00;4646.00;1;0;1
1456466;101.00;4646.00;1;0;1
1457067;101.00;4637.00;1;0;1
1457591;100.00;4615.00;1;0;1
1458199;100.00;4621.00;1;0;1
1458804;101.00;4642.00;1;0;1
1459412;101.00;4664.00;1;0;1
1459936;101.00;4603.00;1;0;1
1460540;100.00;4559.00;1;0;1
1461151;100.00;4568.00;1;0;1
1461807;98.00;4529.00;1;0;1
1462417;97.00;4513.00;1;0;1
1462952;97.00;4481.00;1;0;1
1463558;97.00;4486.00;1;0;1
1464262;97.00;4465.00;1;0;1
1464868;97.00;4475.00;1;0;1
1465476;96.00;4419.00;1;0;1
1466139;96.00;4396.00;1;0;1
1466794;96.00;4407.00;1;0;1
1467399;97.00;4467.00;1;0;1
1467976;98.00;4550.00;1;0;1
1468590;98.00;4573.00;1;0;1
1469245;97.00;4536.00;1;0;1
1469852;97.00;4503.00;1;0;1
1470460;97.00;4458.00;1;0;1
1471037;98.00;4539.00;1;0;1
1471645;100.00;4635.00;1;0;1
1472255;101.00;4640.00;1;0;1
1472866;101.00;4630.00;1;0;1
1473470;101.00;4617.00;1;0;1
1473991;98.00;4569.00;1;0;1
1474648;97.00;4484.00;1;0;1
1475254;95.00;4366.00;1;0;1
1475868;93.00;4305.00;1;0;1
1476475;95.00;4353.00;1;0;1
1477001;96.00;4415.00;1;0;1
1477660;96.00;4436.00;1;0;1
1478267;96.00;4418.00;1;0;1
1478872;95.00;4382.00;1;0;1
1479479;93.00;4263.00;1;0;1
1480058;92.00;4238.00;1;0;1
1480665;91.00;4229.00;1;0;1
1481324;91.00;4191.00;1;0;1
1481929;91.00;4198.00;1;0;1
1482533;91.00;4199.00;1;0;1
1483141;91.00;4239.00;1;0;1
1483743;91.00;4218.00;1;0;1
1484347;97.00;4486.00;1;0;1
1484951;92.00;4246.00;1;0;1
1485559;91.00;4239.00;1;0;1
1486269;92.00;4282.00;1;0;1
1486876;92.00;4257.00;1;0;1
1487481;91.00;4183.00;1;0;1
1488009;90.00;4143.00;1;0;1
1488615;88.00;4074.00;1;0;1
1489228;87.00;4033.00;1;0;1
1489842;87.00;4094.00;1;0;1
1490446;90.00;4090.00;1;0;1
1490978;92.00;4224.00;1;0;1
1491585;95.00;4332.00;1;0;1
1492191;96.00;4436.00;1;0;1
1492848;97.00;4500.00;1;0;1
1493456;98.00;4531.00;1;0;1
1493984;100.00;4579.00;1;0;1
1494595;98.00;4584.00;1;0;1
1495202;97.00;4482.00;1;0;1
1495861;97.00;4470.00;1;0;1
1496470;97.00;4469.00;1;0;1
1496994;97.00;4478.00;1;0;1
1497599;97.00;4457.00;1;0;1
1498202;97.00;4512.00;1;0;1
1498809;98.00;4561.00;1;0;1
1499418;98.00;4498.00;1;0;1
1499941;97.00;4505.00;1;0;1
1500545;97.00;4481.00;1;0;1
1501150;96.00;4478.00;1;0;1
1501811;97.00;4461.00;1;0;1
1502422;97.00;4522.00;1;0;1
1502944;97.00;4487.00;1;0;1
1503548;97.00;4526.00;1;0;1
1504153;97.00;4524.00;1;0;1
1504760;98.00;4538.00;1;0;1
1505376;98.00;4545.00;1;0;1
1506031;97.00;4539.00;1;0;1
1506639;96.00;4439.00;1;0;1
1507245;96.00;4420.00;1;0;1
1507854;95.00;4383.00;1;0;1
1508512;93.00;4343.00;1;0;1
1509038;92.00;4250.00;1;0;1
1509698;90.00;4199.00;1;0;1
1510305;90.00;4129.00;1;0;1
1510924;88.00;4056.00;1;0;1
1511533;87.00;4024.00;1;0;1
1512140;86.00;3923.00;1;0;1
1512747;83.00;3894.00;1;0;1
1513405;85.00;3927.00;1;0;1
1514063;86.00;3975.00;1;0;1
1514671;87.00;4034.00;1;0;1
1515281;88.00;4076.00;1;0;1
1515898;91.00;4182.00;1;0;1
1516506;92.00;4237.00;1;0;1
1517034;92.00;4227.00;1;0;1
1517638;92.00;4241.00;1;0;1
1518242;90.00;4162.00;1;0;1
1518855;88.00;4062.00;1;0;1
1519460;86.00;3981.00;1;0;1
1519986;86.00;3957.00;1;0;1
1520691;83.00;3875.00;1;0;1
1521348;83.00;3858.00;1;0;1
1521953;83.00;3850.00;1;0;1
1522557;83.00;3845.00;1;0;1
1523159;83.00;3835.00;1;0;1
1523763;83.00;3890.00;1;0;1
1524366;85.00;3877.00;1;0;1
1524973;87.00;4008.00;1;0;1
1525583;86.00;3985.00;1;0;1
1526243;87.00;4024.00;1;0;1
1526849;87.00;4053.00;1;0;1
1527452;88.00;4066.00;1;0;1
1528031;88.00;4056.00;1;0;1
1528635;87.00;4035.00;1;0;1
1529245;86.00;4000.00;1;0;1
1529853;86.00;3944.00;1;0;1
1530509;86.00;3926.00;1;0;1
1531031;87.00;4019.00;1;0;1
1531689;88.00;4058.00;1;0;1
1532294;90.00;4175.00;1;0;1
1532907;92.00;4226.00;1;0;1
1533515;92.00;4258.00;1;0;1
1534040;92.00;4275.00;1;0;1
1534644;92.00;4244.00;1;0;1
1535251;92.00;4240.00;1;0;1
1535854;92.00;4267.00;1;0;1
1536459;92.00;4226.00;1;0;1
1536983;92.00;4276.00;1;0;1
1537587;92.00;3916.00;1;0;1
1538192;91.00;3873.00;1;0;1
1538799;91.00;3899.00;1;0;1
1539417;90.00;3846.00;1;0;1
1540024;90.00;3809.00;1;0;1
1540628;90.00;3790.00;1;0;1
1541232;88.00;3756.00;1;0;1
1541838;88.00;3749.00;1;0;1
1542441;88.00;3755.00;1;0;1
1543045;87.00;3714.00;1;0;1
1543651;88.00;3755.00;1;0;1
1544260;88.00;3770.00;1;0;1
1544917;87.00;3724.00;1;0;1
1545525;87.00;3669.00;1;0;1
1546049;86.00;3624.00;1;0;1
1546663;85.00;3587.00;1;0;1
1547270;83.00;3514.00;1;0;1
1547932;82.00;3458.00;1;0;1
1548540;81.00;3410.00;1;0;1
1549119;78.00;3343.00;1;0;1
1549730;77.00;3281.00;1;0;1
1550336;73.00;3129.00;1;0;1
1550946;68.00;2910.00;1;0;1
1551553;63.00;2668.00;1;0;1
1552129;57.00;2434.00;1;0;1
1552786;53.00;2286.00;1;0;1
1553397;51.00;1984.00;1;0;1
1554005;50.00;2323.00;1;0;1
1554611;50.00;2353.00;1;0;1
1555266;52.00;2438.00;1;0;1
1555922;55.00;2514.00;1;0;1
1556531;56.00;2595.00;1;0;1
1557059;58.00;2703.00;1;0;1
1557667;60.00;2765.00;1;0;1
1558273;61.00;2838.00;1;0;1
1558878;62.00;2912.00;1;0;1
1559485;63.00;2954.00;1;0;1
1560093;66.00;3025.00;1;0;1
1560752;67.00;3072.00;1;0;1
1561361;67.00;3126.00;1;0;1
1561968;67.00;3112.00;1;0;1
1562571;66.00;3027.00;1;0;1
1563147;63.00;2933.00;1;0;1
1563757;62.00;2883.00;1;0;1
1564364;61.00;2817.00;1;0;1
1564973;60.00;2800.00;1;0;1
1565633;60.00;2721.00;1;0;1
1566237;58.00;2711.00;1;0;1
1566845;57.00;2661.00;1;0;1
1567455;56.00;2468.00;1;0;1
1568061;53.00;2478.00;1;0;1
1568666;50.00;2304.00;1;0;1
1569325;45.00;2083.00;1;0;1
1569931;40.00;1882.00;1;0;1
1570540;36.00;1663.00;1;0;1
1571068;32.00;1364.00;1;0;1
1571674;30.00;1580.00;1;0;1
1572281;27.00;1424.00;1;0;1
1572889;26.00;1498.00;1;0;1
1573495;22.00;1447.00;1;0;1
1574156;20.00;1259.00;1;0;1
1574765;18.00;1366.00;1;0;1
1575375;17.00;1315.00;1;0;1
1575986;17.00;1669.00;1;0;1
1576588;18.00;1484.00;1;0;1
1577115;21.00;1692.00;1;0;1
1577725;26.00;2098.00;1;0;1
1578382;31.00;2472.00;1;0;1
1578997;38.00;3030.00;1;0;1
1579603;42.00;3359.00;1;0;1
1580131;47.00;3721.00;1;0;1
1580739;50.00;2981.00;1;0;1
1581345;51.00;3102.00;1;0;1
1581952;53.00;3281.00;1;0;1
1582612;56.00;3445.00;1;0;1
1583191;58.00;3610.00;1;0;1
1583813;58.00;3527.00;1;0;1
1584419;60.00;3549.00;1;0;1
1585035;61.00;3734.00;1;0;1
1585692;66.00;4095.00;1;0;1
1586351;67.00;3546.00;1;0;1
1586959;70.00;3633.00;1;0;1
1587564;72.00;3759.00;1;0;1
1588092;75.00;3921.00;1;0;1
1588701;76.00;3560.00;1;0;1
1589311;77.00;3549.00;1;0;1
1589969;77.00;3259.00;1;0;1
1590576;76.00;3216.00;1;0;1
1591156;76.00;3196.00;1;0;1
1591761;75.00;3113.00;1;0;1
1592368;71.00;3029.00;1;0;1
1592974;68.00;2942.00;1;0;1
1593581;67.00;2861.00;1;0;1
1594110;65.00;2748.00;1;0;1
1594718;63.00;2704.00;1;0;1
1595376;63.00;2694.00;1;0;1
1596080;62.00;2694.00;1;0;1
1596687;61.00;2621.00;1;0;1
1597293;61.00;2621.00;1;0;1
1597893;61.00;2593.00;1;0;1
1598499;60.00;2557.00;1;0;1
1599107;60.00;3692.00;1;0;1
1599711;61.00;2881.00;1;0;1
1600323;66.00;3025.00;1;0;1
1600930;67.00;3161.00;1;0;1
1601594;68.00;3187.00;1;0;1
1602170;65.00;2977.00;1;0;1
1602779;60.00;2757.00;1;0;1
1603384;55.00;2518.00;1;0;1
1603994;51.00;2365.00;1;0;1
1604651;48.00;2237.00;1;0;1
1605311;47.00;2182.00;1;0;1
1605916;46.00;2138.00;1;0;1
1606525;45.00;2072.00;1;0;1
1607134;42.00;1960.00;1;0;1
1607741;41.00;1901.00;1;0;1
1608399;37.00;1707.00;1;0;1
1609007;35.00;1665.00;1;0;1
1609614;30.00;1864.00;1;0;1
1610140;27.00;2097.00;1;0;1
1610748;27.00;2139.00;1;0;1
1611352;28.00;2233.00;1;0;1
1611964;31.00;2560.00;1;0;1
1612673;35.00;2715.00;1;0;1
1613280;37.00;2913.00;1;0;1
1613901;40.00;3154.00;1;0;1
1614509;43.00;3484.00;1;0;1
1615119;50.00;3890.00;1;0;1
1615727;52.00;3203.00;1;0;1
1616335;55.00;3335.00;1;0;1
1616991;55.00;3388.00;1;0;1
1617645;55.00;3385.00;1;0;1
1618219;55.00;3306.00;1;0;1
1618821;55.00;3353.00;1;0;1
1619478;55.00;3422.00;1;0;1
1620087;55.00;3364.00;1;0;1
1620692;53.00;3274.00;1;0;1
1621299;53.00;3280.00;1;0;1
1621906;52.00;3194.00;1;0;1
1622516;52.00;3210.00;1;0;1
1623172;52.00;3189.00;1;0;1
1623825;51.00;3172.00;1;0;1
1624483;51.00;3143.00;1;0;1
1625089;51.00;3191.00;1;0;1
1625697;52.00;3240.00;1;0;1
1626303;55.00;3380.00;1;0;1
1626910;57.00;3531.00;1;0;1
1627619;58.00;3635.00;1;0;1
1628195;60.00;3679.00;1;0;1
1628802;60.00;3702.00;1;0;1
1629408;61.00;3738.00;1;0;1
1630017;62.00;3474.00;1;0;1
1630632;63.00;3308.00;1;0;1
1631157;65.00;2789.00;1;0;1
1631765;66.00;3021.00;1;0;1
1632371;67.00;3095.00;1;0;1
1633029;67.00;3145.00;1;0;1
1633632;68.00;3163.00;1;0;1
1634216;68.00;3228.00;1;0;1
1634823;71.00;3231.00;1;0;1
1635431;71.00;3205.00;1;0;1
1636033;70.00;3227.00;1;0;1
1636639;70.00;3218.00;1;0;1
1637167;70.00;3239.00;1;0;1
1637770;71.00;3261.00;1;0;1
1638375;70.00;3259.00;1;0;1
1638994;70.00;3224.00;1;0;1
1639600;70.00;3191.00;1;0;1
1640177;70.00;3218.00;1;0;1
1640788;70.00;3177.00;1;0;1
1641390;68.00;3181.00;1;0;1
1641996;68.00;3155.00;1;0;1
1642601;68.00;3181.00;1;0;1
1643126;70.00;3203.00;1;0;1
1643733;71.00;3249.00;1;0;1
1644341;72.00;3314.00;1;0;1
1644999;72.00;3334.00;1;0;1
1645656;73.00;3309.00;1;0;1
1646233;73.00;3399.00;1;0;1
1646841;73.00;3388.00;1;0;1
1647444;72.00;3335.00;1;0;1
1648048;72.00;3306.00;1;0;1
1648674;70.00;3211.00;1;0;1
1649257;66.00;3045.00;1;0;1
1649865;62.00;2831.00;1;0;1
1650475;58.00;2742.00;1;0;1
1651132;56.00;2591.00;1;0;1
1651793;52.00;2457.00;1;0;1
1652401;52.00;2406.00;1;0;1
1653005;51.00;2375.00;1;0;1
1653612;52.00;2411.00;1;0;1
1654140;53.00;2406.00;1;0;1
1654748;52.00;2421.00;1;0;1
1655354;52.00;2458.00;1;0;1
1655955;52.00;2463.00;1;0;1
1656613;52.00;2413.00;1;0;1
1657151;51.00;2377.00;1;0;1
1657759;50.00;2295.00;1;0;1
1658366;50.00;1988.00;1;0;1
1658977;47.00;2417.00;1;0;1
1659584;45.00;2755.00;1;0;1
1660243;43.00;2658.00;1;0;1
1660850;43.00;2825.00;1;0;1
1661454;45.00;2720.00;1;0;1
1662061;43.00;2702.00;1;0;1
1662670;43.00;2732.00;1;0;1
1663192;43.00;2726.00;1;0;1
1663795;43.00;2692.00;1;0;1
1664398;43.00;2676.00;1;0;1
1665002;43.00;2663.00;1;0;1
1665610;42.00;2469.00;1;0;1
1666219;40.00;2527.00;1;0;1
1666831;40.00;2463.00;1;0;1
1667435;41.00;2521.00;1;0;1
1668046;41.00;2511.00;1;0;1
1668649;40.00;2423.00;1;0;1
1669175;38.00;2344.00;1;0;1
1669786;36.00;2205.00;1;0;1
1670394;33.00;2041.00;1;0;1
1671002;31.00;1973.00;1;0;1
1671659;30.00;2064.00;1;0;1
1672186;31.00;1930.00;1;0;1
1672845;32.00;2004.00;1;0;1
1673456;33.00;2043.00;1;0;1
1674062;32.00;1835.00;1;0;1
1674668;32.00;1991.00;1;0;1
1675192;31.00;1905.00;1;0;1
1675803;33.00;2066.00;1;0;1
1676408;35.00;2140.00;1;0;1
1677015;36.00;2226.00;1;0;1
1677673;37.00;2319.00;1;0;1
1678202;37.00;2084.00;1;0;1
1678804;36.00;2208.00;1;0;1
1679513;33.00;2069.00;1;0;1
1680122;28.00;1746.00;1;0;1
1680728;25.00;1573.00;1;0;1
1681255;23.00;1449.00;1;0;1
1681867;22.00;1357.00;1;0;1
1682473;22.00;1380.00;1;0;1
1683077;21.00;1704.00;1;0;1
1683733;18.00;1504.00;1;0;1
1684260;16.00;1278.00;1;0;1
1684917;15.00;1278.00;1;0;1
1685572;13.00;1198.00;1;0;1
1686179;12.00;1230.00;1;0;1
1686795;10.00;1284.00;1;0;1
1687400;10.00;1268.00;1;0;1
1688054;11.00;1705.00;1;0;1
1688660;13.00;1467.00;1;0;1
1689244;17.00;2509.00;1;0;1
1689855;20.00;1805.00;1;0;1
1690462;22.00;1755.00;1;0;1
1691069;22.00;1577.00;1;0;1
1691723;22.00;1754.00;1;0;1
1692244;22.00;1700.00;1;0;1
1692850;21.00;1661.00;1;0;1
1693460;18.00;1505.00;1;0;1
1694121;16.00;1199.00;1;0;1
1694731;15.00;1376.00;1;0;1
1695274;17.00;1364.00;1;0;1
1695932;21.00;1583.00;1;0;1
1696539;22.00;1721.00;1;0;1
1697146;25.00;1921.00;1;0;1
1697756;26.00;1991.00;1;0;1
1698282;27.00;2136.00;1;0;1
1698890;28.00;2219.00;1;0;1
1699498;28.00;2301.00;1;0;1
1700204;30.00;2388.00;1;0;1
1700813;30.00;2397.00;1;0;1
1701417;31.00;2437.00;1;0;1
1702024;31.00;2436.00;1;0;1
1702628;31.00;2468.00;1;0;1
1703232;31.00;2457.00;1;0;1
1703834;32.00;2488.00;1;0;1
1704438;31.00;2463.00;1;0;1
1705046;31.00;2438.00;1;0;1
1705652;31.00;2363.00;1;0;1
1706255;30.00;2370.00;1;0;1
1706917;30.00;2382.00;1;0;1
1707521;30.00;2403.00;1;0;1
1708176;30.00;2381.00;1;0;1
1708779;31.00;2377.00;1;0;1
1709390;31.00;2399.00;1;0;1
1709993;31.00;2438.00;1;0;1
1710596;31.00;2387.00;1;0;1
1711203;30.00;2338.00;1;0;1
1711811;28.00;2307.00;1;0;1
1712421;28.00;2190.00;1;0;1
1713075;28.00;2243.00;1;0;1
1713679;28.00;2265.00;1;0;1
1714282;28.00;2244.00;1;0;1
1714936;28.00;2258.00;1;0;1
1715547;27.00;2196.00;1;0;1
1716153;26.00;2065.00;1;0;1
1716772;25.00;1903.00;1;0;1
1717348;23.00;1952.00;1;0;1
1717956;22.00;1713.00;1;0;1
1718564;22.00;1786.00;1;0;1
1719167;22.00;1812.00;1;0;1
1719772;23.00;1840.00;1;0;1
1720299;23.00;1866.00;1;0;1
1720903;23.00;1903.00;1;0;1
1721509;23.00;1688.00;1;0;1
1722113;23.00;1341.00;1;0;1
1722716;22.00;1355.00;1;0;1
1723293;21.00;1303.00;1;0;1
1723902;18.00;1284.00;1;0;1
1724507;16.00;1262.00;1;0;1
1725114;13.00;1282.00;1;0;1
1725772;12.00;1295.00;1;0;1
1726298;10.00;1305.00;1;0;1
1726904;10.00;1254.00;1;0;1
1727560;8.00;1269.00;1;0;1
1728217;8.00;1231.00;1;0;1
1728821;7.00;1295.00;1;0;1
1729433;5.00;1329.00;1;0;1
1730059;3.00;1603.00;1;0;1
1730667;5.00;1534.00;1;0;1
1731277;6.00;1675.00;1;0;1
1731939;6.00;1361.00;1;0;1
1732544;5.00;1286.00;1;0;1
1733150;0;1237.00;1;0;1
1733760;0;1295.00;1;0;1
1734283;0;1266.00;1;0;1
1734886;0;1273.00;1;0;1
1735490;0;1236.00;1;0;1
1736093;0;1240.00;1;0;1
1736694;0;1251.00;1;0;1
1737298;0;1253.00;1;0;1
1737902;0;1274.00;1;0;1
1738510;0;1197.00;1;0;1
1739113;0;1262.00;1;0;1
1739717;0;1214.00;1;0;1
1740290;0;1221.00;1;0;1
1740894;0;1195.00;0;1;0
1741511;0;1210.00;0;0;0
1742128;0;1186.00;0;1;0
1742735;0;1240.00;0;0;0
1743317;0;1195.00;0;1;0
1743930;0;1261.00;0;1;0
1744586;0;1293.00;0;0;0
1745248;0;1284.00;0;0;0
1745850;0;1298.00;0;1;0
1746457;0;1256.00;0;1;0
1747059;0;1242.00;0;1;0
1747663;0;1247.00;0;1;0
1748267;0;1240.00;0;1;0
1748874;0;1257.00;0;1;0
1749476;0;1266.00;0;1;0
1750080;0;1266.00;0;1;0
1750680;0;1227.00;0;1;0
1751281;0;1219.00;0;1;0
1751888;0;1249.00;0;1;0
1752492;0;1234.00;0;1;0
1753095;0;1204.00;0;1;0
1753709;0;1205.00;0;0;0
1754319;0;1252.00;0;1;0
1754929;0;1242.00;0;0;0
1755544;0;1189.00;0;0;0
1756252;0;1244.00;0;1;0
1756860;0;1230.00;1;0;1
1757488;0;1218.00;1;0;1
1758095;0;1245.00;1;0;1
1758696;0;1267.00;1;0;1
1759300;0;1227.00;0;1;0
1759913;0;1246.00;0;1;0
1760515;0;1253.00;0;1;0
1761116;0;1203.00;0;1;0
1761720;0;1255.00;0;1;0
1762324;0;1214.00;0;1;0
1762928;0;1268.00;0;1;0
1763534;0;1268.00;0;1;0
1764140;0;1240.00;0;1;0
1764794;0;1244.00;0;1;0
1765316;0;1244.00;0;1;0
1765915;0;1213.00;0;1;0
1766518;0;1288.00;0;1;0
1767122;0;1245.00;0;1;0
1767725;0;1249.00;0;1;0
1768327;0;1203.00;0;1;0
1768933;0;1183.00;0;1;0
1769542;0;1265.00;0;1;0
1770145;0;1244.00;0;1;0
1770749;0;1253.00;0;1;0
1771353;0;1220.00;0;1;0
1771960;0;1212.00;0;1;0
1772614;0;1219.00;0;1;0
1773218;0;1203.00;0;1;0
1773874;0;1214.00;0;1;0
1774528;0;1237.00;0;1;0
1775182;0;1224.00;0;1;0
1775786;0;1240.00;0;1;0
1776311;0;1253.00;0;1;0
1777015;0;1279.00;1;0;1
1777693;0;1234.00;1;0;1
1778298;0;1228.00;1;0;1
1778902;0;1262.00;1;0;1
1779518;0;1213.00;1;0;1
1780119;0;1243.00;1;0;1
1780722;0;1236.00;1;0;1
1781325;0;1274.00;1;0;1
1781928;0;1227.00;1;0;1
1782533;0;1222.00;1;0;1
1783137;0;1247.00;1;0;1
1783740;0;1268.00;1;0;1
1784347;0;1277.00;1;0;1
1784953;0;1282.00;0;1;0
1785627;0;1279.00;0;1;0
1786230;0;1236.00;0;1;0
1786833;0;1260.00;0;1;0
1787357;0;1250.00;0;1;0
1787959;0;1253.00;0;1;0
1788561;0;1231.00;0;1;0
1789164;0;1251.00;0;1;0
1789770;0;1267.00;0;1;0
1790375;0;1243.00;0;1;0
1790980;0;1250.00;0;1;0
1791583;0;1256.00;0;1;0
1792190;0;1280.00;0;1;0
1792793;0;1215.00;0;1;0
1793366;0;1233.00;0;1;0
1794022;0;1219.00;1;1;0
1794636;0;1242.00;1;1;0
1795290;0;1261.00;1;1;0
1795944;0;1204.00;1;1;0
1796602;0;1252.00;1;1;0
1797257;0;1265.00;1;1;0
1797864;0;1253.00;1;1;0
1798437;0;1233.00;1;1;0
1799042;0;1199.00;1;1;0
1799651;0;1249.00;1;1;0
1800252;0;1224.00;1;0;1
1800871;0;1240.00;1;0;1
1801392;0;1274.00;1;0;1
1801995;0;1215.00;1;0;1
1802600;0;1256.00;1;0;1
1803204;0;1243.00;1;0;1
1803822;0;1261.00;1;0;1
1804397;0;1240.00;0;1;1
1805009;0;1230.00;0;1;0
1805618;0;1213.00;0;1;1
1806229;0;1268.00;0;1;0
1806834;0;1253.00;0;1;0
1807365;0;1250.00;0;1;0
1808019;0;1246.00;0;1;0
1808723;0;1238.00;0;1;0
1809377;0;1241.00;0;1;0
1809983;0;1247.00;0;1;0
1810586;0;1225.00;0;1;0
1811192;0;1233.00;0;1;0
1811796;0;1250.00;0;1;0
1812402;0;1221.00;0;1;0
1813008;0;1225.00;0;1;0
1813610;0;1229.00;0;1;0
1814247;0;1202.00;0;1;0
1814900;0;1208.00;0;1;0
1815423;0;1183.00;0;1;0
1816025;0;1245.00;0;1;0
1816628;0;1260.00;0;1;0
1817233;0;1257.00;0;1;0
1817840;0;1184.00;0;1;0
1818365;0;1255.00;0;1;0
1818969;0;1244.00;0;1;0
