##;##
#2012-01-16 08:21:09
#GS-911 Mobile WM5 V1009.2
#F800GS
#BMS-KP2
Time (ms);Injection time( ms);Lambda control factor;Speed( km/h);RPM;Intake air temperature( °C);Engine temperature( °C);Ignition angle( °KW);Throttle valve position (TPS)( %);Engine load( %);Battery voltage( V);Knock sensor 1( V);Knock sensor 2( V);Ignition dwell time( ms);Odometer( km);Front wheel speed( km/h);Rear wheel speed( km/h);Idle actuator position( steps);Fuel pressure( mbar);Ambient air pressure( mbar);Lambda sensor voltage( mV);Gear position;Sidestand switch 1;Sidestand switch 2;Sidestand switch calculated;Clutch switch;Kill switch;Oil pressure switch;Start switch;Tank venting valve (US only);Secondary air valve;Engine over-temperature light;Actuation of starter relay;Lambda sensor heating;Fuel pump;Fan motor;Engine safety cut-out (of BMSK);Starter function (of BMSK);Starter safety cut-out (of BMSK);Engine warning light (MIL)
1219;0;1.00;0;0;10.50;9.75;-96.00;0;57.84;12.12;52.81;52.81;3.48;72106.00;0;0;204.00;4299.40;977.86;449.21;0;0;1;0;0;0;0;0;0;0;0;0;0;0;0;0;1;0;0
2586;0;1.00;0;0;10.50;9.75;-96.00;0;57.84;12.12;52.81;52.81;3.48;72106.00;0;0;204.00;4298.00;977.90;449.21;0;0;1;0;0;0;0;1;0;0;0;1;0;1;0;0;1;0;0
3899;22.18;1.00;0;315.00;10.50;9.75;3.75;0;16.53;10.32;52.81;52.81;4.08;72106.00;0;0;204.00;4269.40;977.79;449.21;0;0;1;0;0;0;0;0;0;1;0;0;0;0;0;0;0;0;0
5355;8.63;1.00;0;0;10.50;9.75;-6.75;0;53.56;11.93;45.08;42.75;3.53;72106.00;0;0;204.00;5053.20;977.86;449.21;0;0;1;0;0;0;0;0;0;0;0;0;0;0;0;0;1;0;0
6749;8.63;1.00;0;0;10.50;9.75;-6.75;0;53.56;11.93;45.08;42.75;3.53;72106.00;0;0;204.00;5013.20;977.90;449.21;0;0;1;0;0;0;0;0;0;0;0;0;0;0;0;0;1;0;0
8064;8.63;1.00;0;0;10.50;9.75;-6.75;0;53.56;12.03;45.08;42.75;3.53;72106.00;0;0;204.00;4988.80;977.83;449.21;0;0;1;0;0;0;0;1;0;0;0;1;0;1;0;0;1;0;0
9439;7.38;1.00;0;805.00;10.50;9.75;14.25;0;22.76;12.22;47.52;45.08;3.48;72106.00;0;0;204.00;4477.80;977.86;449.21;0;0;1;0;0;0;0;0;0;0;0;0;0;0;0;0;1;0;0
10879;6.76;1.00;0;0;10.50;9.75;-6.75;0;53.56;11.93;45.08;42.75;3.53;72106.00;0;0;204.00;4384.40;977.75;449.21;0;0;1;0;0;0;0;0;0;0;0;0;0;0;0;0;1;0;0
12192;6.76;1.00;0;0;10.50;9.75;-6.75;0;53.56;11.93;45.08;42.75;3.53;72106.00;0;0;204.00;4390.60;977.79;449.21;0;0;1;0;0;0;0;0;0;0;0;0;0;0;0;0;1;0;0
13504;6.76;1.00;0;0;10.50;9.75;-6.75;0;53.56;12.12;45.08;42.75;3.48;72106.00;0;0;204.00;4390.80;977.86;449.21;0;0;1;0;0;0;0;0;0;0;0;0;0;0;0;0;1;0;0
14818;6.76;1.00;0;0;10.50;9.75;-6.75;0;53.56;12.12;45.08;42.75;3.48;72106.00;0;0;204.00;4390.80;977.90;449.21;0;0;1;0;0;0;0;0;0;0;0;0;0;0;0;0;1;0;0
16125;6.76;1.00;0;0;10.50;9.75;-6.75;0;53.56;9.75;45.08;42.75;6.00;72106.00;0;0;204.00;4391.40;977.83;449.21;0;0;1;0;0;0;1;1;0;1;0;1;1;1;0;0;1;0;0
17496;6.79;1.00;0;1183.00;10.50;9.75;20.25;0;24.41;12.78;42.89;40.54;3.36;72106.00;0;0;204.00;4372.20;977.86;449.21;0;0;1;0;0;0;1;0;0;1;0;0;1;1;0;0;1;0;0
18930;4.15;1.00;0;1390.00;10.50;9.75;5.25;0;19.26;14.30;40.60;27.71;2.58;72106.00;0;0;172.00;4486.60;977.90;449.21;0;0;1;0;0;0;1;0;0;1;0;0;1;1;0;0;1;0;0
20198;3.49;1.00;0;1415.00;10.50;9.75;5.25;0;18.66;14.11;45.45;42.09;2.58;72106.00;0;0;161.00;4528.20;977.90;449.21;0;0;1;0;0;0;1;0;0;1;0;0;1;1;0;0;1;0;0
21634;3.36;1.00;0;1398.00;10.50;9.75;6.00;0;18.69;14.30;29.67;26.37;2.58;72106.00;0;0;156.00;4520.60;977.90;449.21;0;0;1;0;0;0;1;0;0;1;0;0;1;1;0;0;1;0;0
22980;3.21;1.00;0;1402.00;10.50;9.75;6.00;0;18.53;14.21;99.00;110.74;2.58;72106.00;0;0;153.00;4508.60;977.90;449.21;0;0;1;0;0;0;1;0;0;1;0;0;1;1;0;0;1;0;0
24257;3.10;1.00;0;1379.00;10.50;9.75;6.75;0;18.87;14.02;94.29;132.22;2.58;72106.00;0;0;151.00;4515.60;977.90;449.21;0;0;1;0;0;0;1;0;0;1;0;0;1;1;0;0;1;0;0
25591;2.97;1.00;0;1393.00;10.50;10.50;6.00;0;18.12;14.30;89.31;99.58;2.58;72106.00;0;0;150.00;4495.80;977.90;449.21;0;0;1;0;0;0;1;0;0;1;0;0;1;1;0;0;1;0;0
26955;3.06;1.00;0;1375.00;10.50;10.50;6.75;0;18.15;14.02;101.65;81.58;2.58;72106.00;0;0;150.00;4506.40;977.90;449.21;0;0;1;0;0;0;1;0;0;1;0;0;1;1;0;0;1;0;0
28283;2.91;1.00;0;1423.00;10.50;10.50;5.25;0;17.84;14.21;55.84;51.64;2.58;72106.00;0;0;150.00;4523.00;977.90;449.21;0;0;1;0;0;0;1;0;0;1;0;0;1;1;0;0;1;0;0
29693;2.91;1.00;0;1400.00;10.50;11.25;5.25;0;17.89;14.11;78.41;68.65;2.58;72106.00;0;0;149.00;4495.40;977.90;449.21;0;0;1;0;0;0;1;0;0;1;0;0;1;1;0;0;1;0;0
31033;6.06;1.00;0;2148.00;10.50;11.25;9.75;8.24;25.40;13.92;40.64;36.05;2.82;72106.00;0;0;145.00;4599.20;977.90;449.21;0;0;1;0;0;0;1;0;0;1;0;0;1;1;0;0;1;0;0
32295;2.65;1.00;0;1444.00;10.50;12.00;3.75;0;17.33;14.30;34.31;24.86;2.58;72106.00;0;0;151.00;4554.20;977.90;449.21;0;0;1;0;0;0;1;0;0;1;0;0;1;1;0;0;1;0;0
33645;2.66;1.00;0;1425.00;10.50;12.00;4.50;0;17.71;14.21;27.81;41.87;2.58;72106.00;0;0;151.00;4505.80;977.90;449.21;0;0;1;0;0;0;1;0;0;1;0;0;1;1;0;0;1;0;0
35030;2.63;1.00;0;1411.00;10.50;12.75;4.50;0;17.19;14.21;69.59;93.86;2.58;72106.00;0;0;149.00;4518.60;977.90;429.68;0;0;1;0;0;0;1;0;0;1;0;0;1;1;0;0;1;0;0
36338;2.64;1.00;0;1410.00;10.50;13.50;4.50;0;17.23;14.21;150.19;148.66;2.58;72106.00;0;0;150.00;4505.00;977.90;429.68;0;0;1;0;0;0;1;0;0;1;0;0;1;1;0;0;1;0;0
37714;2.74;1.00;0;1363.00;10.50;14.25;6.75;0;18.22;14.11;107.86;104.37;2.58;72106.00;0;0;153.00;4517.00;977.90;429.68;0;0;1;0;0;0;1;0;0;1;0;0;1;1;0;0;1;0;0
39058;2.78;1.00;0;1398.00;10.50;14.25;4.50;0;17.39;14.21;79.70;69.33;2.58;72106.00;0;0;153.00;4523.40;977.90;429.68;0;0;1;0;0;0;1;0;0;1;0;0;1;1;0;0;1;0;0
40309;2.69;1.00;0;1370.00;10.50;14.25;6.00;0;17.98;14.30;47.59;45.47;2.58;72106.00;0;0;152.00;4520.00;977.90;429.68;0;0;1;0;0;0;1;0;0;1;0;0;1;1;0;0;1;0;0
41716;2.77;1.00;0;1377.00;10.50;15.00;5.25;0;17.86;14.02;40.49;90.99;2.58;72106.00;0;0;154.00;4506.20;977.90;429.68;0;0;1;0;0;0;1;0;0;1;0;0;1;1;0;0;1;0;0
43068;2.70;1.00;0;1376.00;10.50;15.00;5.25;0;17.90;14.30;105.17;86.42;2.58;72106.00;0;0;156.00;4524.20;977.90;410.15;0;0;1;0;0;0;1;0;0;1;0;0;1;1;0;0;1;0;0
44395;2.78;1.00;0;1367.00;10.50;15.75;6.00;0;17.77;14.11;75.29;45.99;2.58;72106.00;0;0;152.00;4504.40;977.90;410.15;0;0;1;0;0;0;1;0;0;1;0;0;1;1;0;0;1;0;0
45789;2.67;1.00;0;1426.00;10.50;16.50;5.25;0;17.21;14.30;106.13;105.54;2.58;72106.00;0;0;150.00;4525.20;977.90;410.15;0;0;1;0;0;0;1;0;0;1;0;0;1;1;0;0;1;0;0
47181;2.75;1.00;0;1392.00;10.50;16.50;5.25;0;17.22;14.21;133.66;123.43;2.58;72106.00;0;0;151.00;4515.80;977.90;390.62;0;0;1;0;0;0;1;0;0;1;0;0;1;1;0;0;1;0;0
48518;2.54;1.00;0;1448.00;10.50;17.25;3.75;0;16.73;14.21;106.69;104.90;2.58;72106.00;0;0;148.00;4514.60;977.90;468.74;0;0;1;0;0;0;1;0;0;1;0;0;1;1;0;0;1;0;0
49862;2.57;1.00;0;1406.00;10.50;18.00;6.00;0;16.98;14.30;67.94;63.02;2.58;72106.00;0;0;145.00;4502.40;977.90;390.62;0;0;1;0;0;0;1;0;0;1;0;0;1;1;0;0;1;0;0
51205;2.74;1.00;0;1365.00;10.50;18.00;6.75;0;17.45;14.21;38.57;28.51;2.58;72106.00;0;0;145.00;4507.60;977.90;390.62;0;0;1;0;0;0;1;0;0;1;0;0;1;1;0;0;1;0;0
52537;2.57;1.00;0;1376.00;10.50;18.75;6.75;0;17.35;14.02;36.52;25.72;2.58;72106.00;0;0;143.00;4520.20;977.86;371.09;0;0;1;0;0;0;1;0;0;1;0;0;1;1;0;0;1;0;0
53931;2.57;0.99;0;1406.00;10.50;19.50;6.00;0;16.81;14.21;27.97;81.67;2.58;72106.00;0;0;141.00;4515.80;977.90;566.40;0;0;1;0;0;0;1;0;0;1;0;0;1;1;0;0;1;0;0
55200;2.49;0.97;0;1380.00;10.50;19.50;6.00;0;16.81;14.30;16.27;42.01;2.58;72106.00;0;0;141.00;4503.00;977.90;351.56;0;0;1;0;0;0;1;0;0;1;0;0;1;1;0;0;1;0;0
56528;2.53;1.02;0;1417.00;10.50;20.25;6.00;0;16.53;14.21;33.96;23.38;2.58;72106.00;0;0;141.00;4513.80;977.90;351.56;0;0;1;0;0;0;1;0;0;1;0;0;1;1;0;0;1;0;0
57914;2.66;1.02;0;1390.00;10.50;20.25;6.75;0;16.63;14.02;82.34;62.79;2.58;72106.00;0;0;138.00;4513.40;977.90;605.46;0;0;1;0;0;0;1;0;0;1;0;0;1;1;0;0;1;0;0
59177;2.42;0.97;0;1391.00;10.50;21.00;6.75;0;16.60;14.02;72.63;60.72;2.58;72106.00;0;0;136.00;4518.80;977.90;390.62;0;0;1;0;0;0;1;0;0;1;0;0;1;1;0;0;1;0;0
60527;2.62;1.00;0;1376.00;10.50;21.00;6.75;0;16.68;14.30;61.56;40.86;2.58;72106.00;0;0;138.00;4509.40;977.90;605.46;0;0;1;0;0;0;1;0;0;1;0;0;1;1;0;0;1;0;0
61923;2.43;0.97;0;1383.00;10.50;21.75;6.75;0;16.57;14.11;60.84;23.92;2.58;72106.00;0;0;136.00;4511.80;977.90;312.50;0;0;1;0;0;0;1;0;0;1;0;0;1;1;0;0;1;0;0
63194;2.63;1.01;0;1385.00;10.50;21.75;6.75;0;16.58;14.30;82.44;33.65;2.58;72106.00;0;0;135.00;4529.00;977.90;644.52;0;0;1;0;0;0;1;0;0;1;0;0;1;1;0;0;1;0;0
64531;2.38;0.97;0;1390.00;10.50;22.50;6.75;0;16.47;14.30;174.48;83.08;2.58;72106.00;0;0;136.00;4519.00;977.83;351.56;0;0;1;0;0;0;1;0;0;1;0;0;1;1;0;0;1;0;0
65902;2.51;1.00;0;1379.00;10.50;22.50;6.75;0;16.54;14.02;114.09;49.12;2.58;72106.00;0;0;136.00;4504.40;977.86;292.97;0;0;1;0;0;0;1;0;0;1;0;0;1;1;0;0;1;0;0
67247;2.50;1.01;0;1390.00;10.50;23.25;6.75;0;16.50;14.21;79.98;29.96;2.58;72106.00;0;0;133.00;4531.40;977.90;683.59;0;0;1;0;0;0;1;0;0;1;0;0;1;1;0;0;1;0;0
68595;2.34;0.96;0;1408.00;10.50;23.25;6.00;0;16.34;14.30;55.54;25.88;2.58;72106.00;0;0;130.00;4525.00;977.90;644.52;0;0;1;0;0;0;1;0;0;1;0;0;1;1;0;0;1;0;0
70042;2.34;0.95;0;1386.00;10.50;24.00;6.75;0;16.46;14.11;42.44;43.84;2.58;72106.00;0;0;133.00;4508.80;977.90;253.90;0;0;1;0;0;0;1;0;0;1;0;0;1;1;0;0;1;0;0
71303;2.58;1.00;0;1377.00;10.50;24.75;6.75;0;16.46;14.02;58.30;30.84;2.58;72106.00;0;0;133.00;4506.40;977.90;449.21;0;0;1;0;0;0;1;0;0;1;0;0;1;1;0;0;1;0;0
72639;2.44;0.98;0;1377.00;10.50;24.75;6.75;0;16.45;14.11;51.77;17.97;2.58;72106.00;0;0;132.00;4514.60;977.90;644.52;0;0;1;0;0;0;1;0;0;1;0;0;1;1;0;0;1;0;0
74027;2.34;0.98;0;1429.00;10.50;25.50;5.25;0;16.01;14.11;39.86;20.35;2.58;72106.00;0;0;131.00;4510.20;977.90;585.93;0;0;1;0;0;0;1;0;0;1;0;0;1;1;0;0;1;0;0
75285;2.50;0.98;0;1372.00;10.50;25.50;6.75;0;16.36;14.30;115.09;83.12;2.58;72106.00;0;0;128.00;4501.80;977.90;683.59;0;0;1;0;0;0;1;0;0;1;0;0;1;1;0;0;1;0;0
76748;2.34;0.94;0;1407.00;10.50;26.25;6.00;0;16.10;14.02;63.28;50.93;2.58;72106.00;0;0;130.00;4524.40;977.90;214.84;0;0;1;0;0;0;1;0;0;1;0;0;1;1;0;0;1;0;0
78154;2.39;0.98;0;1381.00;10.50;26.25;6.75;0;16.42;14.02;47.46;42.99;2.58;72106.00;0;0;131.00;4506.60;977.90;253.90;0;0;1;0;0;0;1;0;0;1;0;0;1;1;0;0;1;0;0
79414;2.66;1.03;0;1344.00;10.50;27.00;7.50;0;16.82;14.02;32.58;45.62;2.58;72106.00;0;0;130.00;4518.60;977.90;761.71;0;0;1;0;0;0;1;0;0;1;0;0;1;1;0;0;1;0;0
80754;2.42;0.98;0;1424.00;10.50;27.00;5.25;0;15.95;14.11;79.17;78.96;2.58;72106.00;0;0;129.00;4503.60;977.90;742.18;0;0;1;0;0;0;1;0;0;1;0;0;1;1;0;0;1;0;0
82152;2.26;0.94;0;1397.00;10.50;27.75;6.75;0;16.28;14.11;64.27;53.12;2.58;72106.00;0;0;128.00;4520.80;977.90;644.52;0;1;0;1;0;0;1;0;0;0;0;0;1;1;0;0;1;0;0
83527;2.32;0.99;0;1520.00;10.50;27.75;4.50;0;15.80;14.11;27.60;22.60;2.58;72106.00;0;0;137.00;4480.80;977.90;781.24;0;1;0;1;0;0;1;0;0;0;0;0;1;1;0;0;1;0;0
84870;2.33;1.00;0;1579.00;10.50;28.50;6.75;0;16.68;14.11;80.72;168.50;2.58;72106.00;0;0;137.00;4242.20;977.90;761.71;0;1;0;1;0;0;1;0;0;1;0;0;1;1;0;0;1;0;0
86288;2.32;0.99;0;1501.00;10.50;29.25;6.75;0;16.28;14.21;99.88;166.53;2.58;72106.00;0;0;133.00;4470.20;977.90;781.24;0;1;0;1;0;0;1;0;0;1;0;0;1;1;0;0;1;0;0
87716;2.34;1.00;0;1584.00;10.50;30.00;3.00;0;15.30;14.11;144.09;151.87;2.58;72106.00;0;0;130.00;4241.80;977.90;761.71;0;1;0;1;0;0;1;0;0;1;0;0;1;1;0;0;1;0;0
89135;2.36;0.96;0;1399.00;10.50;30.00;6.00;0;15.91;14.11;90.64;73.94;2.58;72106.00;0;0;123.00;4509.00;977.90;683.59;0;1;0;1;1;0;1;0;0;1;0;0;1;1;0;0;0;0;0
90485;3.63;0.99;0;2114.00;10.50;30.75;9.00;5.88;19.75;14.11;78.73;80.78;2.58;72106.00;0;0;120.00;4555.00;977.86;761.71;1;1;0;1;0;0;1;0;0;1;0;0;1;1;0;0;0;0;0
91910;2.42;0.99;5.00;1399.00;10.50;30.75;6.75;0;16.02;14.30;44.72;59.94;2.58;72106.00;6.00;5.00;128.00;4488.60;977.90;781.24;1;1;0;1;0;0;1;0;0;1;0;0;1;1;0;0;0;0;0
93325;2.28;0.94;3.00;1395.00;10.50;31.50;6.75;0;15.84;14.30;80.89;83.41;2.58;72106.00;4.00;4.00;123.00;4517.20;977.90;644.52;1;1;0;1;0;0;1;0;0;1;0;0;1;1;0;0;0;0;0
94726;2.30;0.94;5.00;1367.00;10.50;31.50;7.50;0;16.10;14.11;111.81;140.81;2.58;72106.00;5.00;3.00;124.00;4510.40;977.90;156.25;1;1;0;1;0;0;1;0;0;1;0;0;1;1;0;0;0;0;0
