##;##
#2012-03-31 05:49:27
#GS-911 Mobile WM5 V1009.2
#F800GS
#BMS-KP2
Time (ms);Injection time( ms);Lambda control factor;Speed( km/h);RPM;Intake air temperature( °C);Engine temperature( °C);Ignition angle( °KW);Throttle valve position (TPS)( %);Engine load( %);Battery voltage( V);Knock sensor 1( V);Knock sensor 2( V);Ignition dwell time( ms);Odometer( km);Front wheel speed( km/h);Rear wheel speed( km/h);Idle actuator position( steps);Fuel pressure( mbar);Ambient air pressure( mbar);Lambda sensor voltage( mV);Gear position;Sidestand switch 1;Sidestand switch 2;Sidestand switch calculated;Clutch switch;Kill switch;Oil pressure switch;Start switch;Tank venting valve (US only);Secondary air valve;Engine over-temperature light;Actuation of starter relay;Lambda sensor heating;Fuel pump;Fan motor;Engine safety cut-out (of BMSK);Starter function (of BMSK);Starter safety cut-out (of BMSK);Engine warning light (MIL)
1398;1.97;0.99;0;1356.00;18.75;47.25;6.00;0;13.16;14.30;10.96;17.32;2.58;76855.00;0;0;103.00;4513.60;909.89;781.24;0;0;1;0;0;0;1;0;0;1;0;0;1;1;0;0;1;0;0
2684;1.81;0.99;0;1357.00;18.75;47.25;6.00;0;13.15;14.21;22.87;23.51;2.58;76855.00;0;0;104.00;4508.20;909.89;136.72;0;0;1;0;0;0;1;0;0;1;0;0;1;1;0;0;1;0;0
4021;1.87;1.02;0;1367.00;18.75;47.25;6.00;0;13.09;14.21;82.42;109.90;2.58;76855.00;0;0;102.00;4508.80;909.89;800.77;0;0;1;0;0;0;1;0;0;1;0;0;1;1;0;0;1;0;0
5385;1.76;0.99;0;1380.00;18.75;48.00;5.25;0;12.83;14.11;118.16;82.24;2.58;76855.00;0;0;101.00;4524.40;909.89;664.05;0;0;1;0;0;0;1;0;0;1;0;0;1;1;0;0;1;0;0
6675;1.96;0.99;0;1376.00;18.75;48.00;5.25;0;12.91;14.11;80.11;60.68;2.58;76855.00;0;0;104.00;4513.80;909.89;156.25;0;0;1;0;0;0;1;0;0;1;0;0;1;1;0;0;1;0;0
8118;1.78;0.99;0;1375.00;18.75;48.00;5.25;0;12.93;14.30;73.06;37.81;2.58;76855.00;0;0;104.00;4508.20;909.89;566.40;0;0;1;0;0;0;1;0;0;1;0;0;1;1;0;0;1;0;0
9457;2.00;1.01;0;1359.00;18.75;48.75;6.00;0;13.14;14.21;69.21;96.91;2.58;76855.00;0;0;102.00;4510.20;909.89;234.37;0;0;1;0;0;0;1;0;0;1;0;0;1;1;0;0;1;0;0
10782;1.95;0.99;0;1380.00;18.00;48.75;5.25;0;12.83;14.11;87.83;98.51;2.58;76855.00;0;0;100.00;4511.00;909.89;722.65;0;0;1;0;0;0;1;0;0;1;0;0;1;1;0;0;1;0;0
12133;1.92;0.96;0;1364.00;18.00;49.50;6.00;0;13.14;14.11;107.18;58.88;2.58;76855.00;0;0;101.00;4507.40;909.89;97.66;0;0;1;0;0;0;1;0;0;1;0;0;1;1;0;0;1;0;0
13522;1.94;1.00;0;1370.00;18.00;49.50;6.00;0;13.13;14.21;126.14;52.05;2.58;76855.00;0;0;100.00;4505.60;909.89;156.25;0;0;1;0;0;0;1;0;0;1;0;0;1;1;0;0;1;0;0
14857;1.74;0.99;0;1391.00;18.00;49.50;5.25;0;12.82;14.11;70.85;30.51;2.58;76855.00;0;0;100.00;4509.60;909.89;781.24;0;0;1;0;0;0;1;0;0;1;0;0;1;1;0;0;1;0;0
16264;1.75;0.99;0;1395.00;18.00;50.25;4.50;0;12.80;14.21;37.40;28.90;2.58;76855.00;0;0;102.00;4503.00;909.89;97.66;0;0;1;0;0;0;1;0;0;1;0;0;1;1;0;0;1;0;0
17656;1.97;1.00;0;1355.00;18.00;50.25;6.00;0;13.06;14.30;27.50;25.33;2.58;76855.00;0;0;100.00;4511.60;909.89;664.05;0;0;1;0;0;0;1;0;0;1;0;0;1;1;0;0;1;0;0
19024;1.83;0.98;0;1395.00;18.00;50.25;4.50;0;12.90;14.21;28.44;16.19;2.58;76855.00;0;0;101.00;4523.20;909.89;234.37;0;0;1;0;0;0;1;0;0;1;0;0;1;1;0;0;1;0;0
20427;1.99;1.01;0;1347.00;18.00;51.00;6.00;0;13.07;14.21;55.80;36.58;2.58;76855.00;0;0;101.00;4521.40;909.89;722.65;0;0;1;0;0;0;1;0;0;1;0;0;1;1;0;0;1;0;0
21695;1.98;0.99;0;1343.00;18.00;51.00;6.00;0;13.11;14.30;35.62;23.81;2.58;76855.00;0;0;102.00;4506.20;909.89;820.30;0;0;1;0;0;0;1;0;0;1;0;0;1;1;0;0;1;0;0
23043;1.78;0.98;0;1363.00;18.00;51.00;5.25;0;12.90;14.11;36.11;53.77;2.58;76855.00;0;0;100.00;4526.00;909.89;97.66;0;1;0;1;0;0;1;0;0;1;0;0;1;1;0;0;1;0;0
24535;1.79;1.03;0;1397.00;18.00;51.75;4.50;0;12.83;14.11;19.47;32.36;2.58;76855.00;0;0;100.00;4504.00;909.89;683.59;0;1;0;1;0;0;1;0;0;1;0;0;1;1;0;0;1;0;0
25820;1.94;1.01;0;1379.00;18.00;51.75;4.50;0;12.76;14.30;10.16;15.00;2.58;76855.00;0;0;100.00;4523.60;909.89;664.05;0;1;0;1;0;0;1;0;0;1;0;0;1;1;0;0;1;0;0
27155;1.93;0.98;2.00;1351.00;18.00;51.75;6.00;0;13.05;14.21;68.10;50.45;2.58;76855.00;3.00;0;100.00;4515.80;909.89;898.43;0;1;0;1;0;0;1;0;0;1;0;0;1;1;0;0;1;0;0
28526;2.02;1.01;2.00;1412.00;18.00;52.50;4.50;0;13.50;14.30;48.75;32.44;2.58;76855.00;3.00;3.00;117.00;4505.40;909.89;97.66;0;1;0;1;0;0;1;0;0;1;0;0;1;1;0;0;1;0;0
29878;1.78;1.03;0;1427.00;18.00;52.50;3.75;0;12.56;14.21;32.15;21.58;2.58;76855.00;0;0;102.00;4510.40;909.89;820.30;0;1;0;1;0;0;1;0;0;1;0;0;1;1;0;0;1;0;0
31335;1.79;0.99;0;1336.00;18.00;52.50;6.75;0;13.42;14.30;23.03;25.94;2.58;76855.00;0;0;99.00;4508.00;909.89;292.97;0;1;0;1;0;0;1;0;0;1;0;0;1;1;0;0;1;0;0
32744;1.78;1.00;0;1352.00;18.00;52.50;6.00;0;12.99;14.11;20.33;18.75;2.58;76855.00;0;0;99.00;4513.40;909.89;761.71;0;1;0;1;1;0;1;0;0;1;0;0;1;1;0;0;0;0;0
34190;3.76;1.00;0;2539.00;18.00;53.25;16.50;10.20;22.57;14.02;71.89;61.05;2.58;76855.00;0;0;96.00;4415.20;909.89;839.83;1;1;0;1;0;0;1;0;0;1;0;0;1;1;0;0;0;0;0
35771;3.96;1.01;13.00;2005.00;18.00;53.25;11.25;11.37;28.15;14.02;19.14;17.52;2.58;76855.00;14.00;13.00;96.00;4492.20;909.89;117.19;1;1;0;1;0;0;1;0;0;1;0;0;1;1;0;0;0;0;0
37332;3.22;0.96;25.00;2754.00;18.00;54.00;19.50;11.77;24.19;14.02;114.25;101.26;2.58;76855.00;25.00;25.00;95.00;4531.20;909.89;175.78;1;1;0;1;0;0;1;0;0;1;0;0;1;1;0;0;0;0;0
38833;4.18;1.00;30.00;2276.00;18.00;54.00;13.50;12.94;28.75;14.11;302.99;263.87;2.58;76855.00;29.00;30.00;95.00;4282.20;909.89;839.83;2.00;1;0;1;0;0;1;0;0;1;0;0;1;1;0;0;0;0;0
40191;2.84;0.94;32.00;2529.00;18.00;54.75;18.00;8.24;21.17;14.02;348.55;320.21;2.58;76855.00;33.00;33.00;94.00;4483.40;909.89;761.71;2.00;1;0;1;0;0;1;0;0;1;0;0;1;1;0;0;0;0;0
41793;2.95;1.00;35.00;2731.00;18.00;55.50;21.75;7.84;20.63;14.02;240.39;231.59;2.58;76855.00;35.00;35.00;93.00;4514.00;909.89;839.83;2.00;1;0;1;0;0;1;0;0;1;0;0;1;1;0;0;0;0;0
43212;1.26;1.00;36.00;2842.00;17.25;55.50;24.75;2.35;10.88;14.02;42.13;44.12;2.58;76855.00;36.00;37.00;93.00;4512.60;909.89;878.90;2.00;1;0;1;0;0;1;0;0;1;0;0;1;1;0;0;0;0;0
44666;2.01;0.96;32.00;2643.00;17.25;55.50;20.25;3.92;14.55;14.02;9.90;10.72;2.58;76855.00;33.00;33.00;93.00;4489.40;909.82;58.59;2.00;1;0;1;0;0;1;0;0;1;0;0;1;1;0;0;0;0;0
46100;1.09;1.00;31.00;2463.00;17.25;56.25;9.00;0;13.72;14.02;8.05;5.88;2.58;76855.00;32.00;32.00;103.00;4547.80;909.86;859.36;2.00;1;0;1;0;0;1;0;0;1;0;0;1;1;0;0;0;0;0
47655;1.47;1.00;25.00;1989.00;17.25;57.00;6.00;0;13.67;14.11;33.30;17.09;2.58;76855.00;25.00;25.00;114.00;4523.20;909.86;58.59;2.00;1;0;1;0;0;1;0;0;1;0;0;1;1;0;0;0;0;0
49085;1.67;1.04;21.00;1657.00;17.25;57.00;10.50;1.18;10.75;14.11;157.39;47.79;2.58;76855.00;21.00;21.00;91.00;4520.40;909.89;58.59;2.00;1;0;1;0;0;1;0;0;1;0;0;1;1;0;0;0;0;0
50482;1.90;1.02;17.00;1509.00;17.25;57.00;6.00;0;13.69;14.21;214.69;98.65;2.58;76855.00;18.00;18.00;113.00;4491.20;909.89;78.12;2.00;1;0;1;0;0;1;0;0;1;0;0;1;1;0;0;0;0;0
51863;1.87;1.06;15.00;1550.00;17.25;57.75;6.00;0;13.66;14.11;157.92;85.42;2.58;76855.00;15.00;15.00;113.00;4515.20;909.89;839.83;2.00;1;0;1;1;0;1;0;0;1;0;0;1;1;0;0;0;0;0
53366;1.76;1.00;11.00;1507.00;17.25;57.75;6.00;0;13.71;14.21;70.72;39.53;2.58;76855.00;11.00;11.00;112.00;4507.60;909.89;78.12;1;1;0;1;0;0;1;0;0;1;0;0;1;1;0;0;0;0;0
54819;2.26;1.00;5.00;2431.00;17.25;58.50;18.75;4.31;16.07;14.11;73.59;113.12;2.58;76855.00;6.00;6.00;90.00;4446.80;909.89;898.43;1;1;0;1;0;0;1;0;0;1;0;0;1;1;0;0;0;0;0
56328;2.62;1.00;17.00;2089.00;17.25;58.50;14.25;5.10;18.65;14.02;249.38;291.25;2.58;76855.00;18.00;18.00;90.00;4514.60;909.70;58.59;1;1;0;1;0;0;1;0;0;1;0;0;1;1;0;0;0;0;0
57867;1.79;1.03;23.00;1860.00;17.25;59.25;12.00;1.57;11.98;14.02;250.77;241.41;2.58;76855.00;24.00;24.00;89.00;4500.40;909.78;78.12;2.00;1;0;1;0;0;1;0;0;1;0;0;1;1;0;0;0;0;0
59309;1.26;1.00;26.00;2088.00;17.25;59.25;5.25;0;13.53;14.02;86.81;76.60;2.58;76855.00;27.00;27.00;116.00;4507.60;909.86;78.12;2.00;1;0;1;0;0;1;0;0;1;0;0;1;1;0;0;0;0;0
60820;1.33;1.00;26.00;2081.00;17.25;59.25;6.00;0;13.57;14.11;46.72;39.37;2.58;76855.00;27.00;26.00;110.00;4504.80;909.89;58.59;2.00;1;0;1;0;0;1;0;0;1;0;0;1;1;0;0;0;0;0
62345;5.90;1.00;26.00;2052.00;17.25;60.00;2.25;7.45;15.40;13.92;56.44;40.58;2.82;76855.00;26.00;26.00;104.00;4541.00;909.89;781.24;2.00;1;0;1;0;0;1;0;0;1;0;0;1;1;0;0;0;0;0
63804;2.02;1.00;37.00;2893.00;17.25;60.00;27.00;5.10;18.32;14.02;5.86;5.43;2.58;76855.00;38.00;38.00;88.00;4356.60;909.86;878.90;2.00;1;0;1;0;0;1;0;0;1;0;0;1;1;0;0;0;0;0
65288;0.78;1.00;41.00;3167.00;17.25;60.00;-30.00;0;0;14.11;3.24;1.93;2.58;76855.00;42.00;41.00;88.00;4549.60;909.89;19.53;2.00;1;0;1;0;0;1;0;0;1;0;0;1;1;0;0;0;0;0
66810;1.11;1.00;38.00;2987.00;17.25;60.75;29.25;0.39;13.94;14.02;58.94;51.62;2.58;76855.00;39.00;39.00;87.00;4322.60;909.89;878.90;2.00;1;0;1;0;0;1;0;0;1;0;0;1;1;0;0;0;0;0
68412;0.86;1.00;36.00;2765.00;17.25;60.75;-30.00;0;0;14.02;303.91;312.25;2.58;76855.00;36.00;36.00;87.00;4411.20;909.89;19.53;2.00;1;0;1;0;0;1;0;0;1;0;0;1;1;0;0;0;0;0
69856;1.07;1.00;32.00;2441.00;17.25;61.50;9.00;0;13.32;13.92;327.23;350.17;2.82;76855.00;32.00;32.00;95.00;4351.60;910.05;58.59;2.00;1;0;1;0;0;1;0;0;1;0;0;1;1;0;0;0;0;0
71339;1.71;1.02;16.00;1508.00;17.25;61.50;5.25;0;13.31;14.11;280.76;154.27;2.58;76855.00;16.00;16.00;107.00;4497.80;910.44;58.59;2.00;1;0;1;0;0;1;0;0;1;0;0;1;1;0;0;0;0;0
72821;1.82;1.07;6.00;1405.00;17.25;61.50;3.75;0;12.56;14.11;180.85;178.89;2.58;76855.00;6.00;6.00;101.00;4529.20;910.83;78.12;1;1;0;1;0;0;1;0;0;1;0;0;1;1;0;0;0;0;0
74266;2.06;1.11;0;1358.00;17.25;62.25;4.50;0;12.55;14.11;145.38;146.65;2.58;76855.00;0;0;95.00;4526.40;910.99;937.49;1;1;0;1;0;0;1;0;0;1;0;0;1;1;0;0;0;0;0
75756;2.86;1.00;8.00;2124.00;17.25;62.25;18.00;5.88;19.29;14.11;41.42;54.90;2.58;76855.00;9.00;9.00;85.00;4536.80;911.07;97.66;1;1;0;1;0;0;1;0;0;1;0;0;1;1;0;0;0;0;0
77226;3.80;1.00;21.00;2360.00;16.50;62.25;18.75;12.16;27.31;14.02;10.39;15.12;2.58;76855.00;21.00;21.00;85.00;4381.20;911.11;136.72;1;1;0;1;0;0;1;0;0;1;0;0;1;1;0;0;0;0;0
78798;3.98;1.09;33.00;3671.00;16.50;62.25;28.50;16.86;29.72;13.83;1.35;2.48;2.82;76855.00;33.00;34.00;85.00;4646.60;911.11;898.43;1;1;0;1;0;0;1;0;0;1;0;0;1;1;0;0;0;0;0
80154;4.07;1.03;38.00;3036.00;16.50;62.25;24.00;17.65;29.55;13.92;0.72;1.17;2.82;76855.00;39.00;39.00;85.00;4421.80;911.11;820.30;2.00;1;0;1;0;0;1;0;0;1;0;0;1;1;0;0;0;0;0
81588;3.47;0.98;46.00;3562.00;16.50;62.25;29.25;16.08;27.53;13.92;2.91;1.02;2.82;76855.00;45.00;46.00;85.00;4543.20;911.11;273.43;2.00;1;0;1;0;0;1;0;0;1;0;0;1;1;0;0;0;0;0
82937;3.65;1.00;51.00;2998.00;16.50;63.00;29.25;10.20;23.49;13.92;206.94;126.05;2.82;76855.00;51.00;50.00;83.00;4469.80;911.03;820.30;3.00;1;0;1;0;0;1;0;0;1;0;0;1;1;0;0;0;0;0
84489;2.46;0.92;52.00;3223.00;15.75;63.00;31.50;8.24;21.20;13.83;191.18;169.89;2.82;76855.00;52.00;53.00;83.00;4514.00;910.91;97.66;3.00;1;0;1;0;0;1;0;0;1;0;0;1;1;0;0;0;0;0
85911;0.74;1.00;51.00;3116.00;15.75;63.75;-30.00;0;0;13.92;187.16;202.25;2.82;76855.00;52.00;51.00;80.00;4592.20;910.83;0;3.00;1;0;1;0;0;1;0;0;1;0;0;1;1;0;0;0;0;0
87499;0.81;1.00;45.00;2775.00;15.75;63.75;-30.00;0;0;14.02;27.93;30.19;2.58;76855.00;46.00;45.00;80.00;4563.60;910.56;19.53;3.00;1;0;1;0;0;1;0;0;1;0;0;0;1;0;0;0;0;0
88900;1.09;1.00;37.00;2286.00;15.75;64.50;8.25;0;13.22;14.02;81.30;5.78;2.58;76855.00;38.00;37.00;93.00;4457.80;910.64;39.06;3.00;1;0;1;0;0;1;0;0;1;0;0;1;1;0;0;0;0;0
90460;1.39;1.00;28.00;1768.00;15.75;64.50;8.25;0;13.37;14.21;35.33;10.47;2.58;76855.00;28.00;28.00;90.00;4511.80;910.75;39.06;3.00;1;0;1;0;0;1;0;0;1;0;0;1;1;0;0;0;0;0
91846;2.23;1.01;23.00;1900.00;15.75;64.50;13.50;2.75;12.84;14.02;19.82;19.30;2.58;76855.00;24.00;24.00;77.00;4526.00;910.99;58.59;2.00;1;0;1;0;0;1;0;0;1;0;0;1;1;0;0;0;0;0
93335;2.93;0.98;30.00;2338.00;15.75;65.25;20.25;7.84;22.14;14.02;168.82;133.33;2.58;76855.00;30.00;30.00;74.00;4415.40;910.99;117.19;2.00;1;0;1;0;0;1;0;0;1;0;0;1;1;0;0;0;0;0
94869;3.28;1.00;37.00;2940.00;15.75;65.25;27.75;11.37;24.72;13.92;160.73;233.21;2.82;76855.00;37.00;37.00;74.00;4503.00;911.07;136.72;2.00;1;0;1;0;0;1;0;0;0;0;0;1;1;0;0;0;0;0
96358;3.14;1.00;45.00;2757.00;15.75;65.25;26.25;9.81;23.21;14.02;175.95;204.93;2.58;76855.00;45.00;45.00;74.00;4229.40;911.11;820.30;3.00;1;0;1;0;0;1;0;0;1;0;0;1;1;0;0;0;0;0
97823;2.91;1.00;52.00;3212.00;15.75;65.25;31.50;9.81;23.05;13.92;331.87;330.90;2.82;76855.00;52.00;53.00;74.00;4501.40;911.11;468.74;3.00;1;0;1;0;0;1;0;0;1;0;0;1;1;0;0;0;0;0
99303;2.72;0.92;58.00;3572.00;15.75;66.00;36.00;9.81;22.41;13.92;147.61;161.26;2.82;76855.00;58.00;58.00;72.00;4500.80;911.11;58.59;3.00;1;0;1;0;0;1;0;0;0;0;0;1;1;0;0;0;0;0
100779;2.96;0.97;63.00;3301.00;15.75;66.00;31.50;11.37;22.78;13.92;14.37;16.60;2.82;76855.00;63.00;64.00;72.00;4325.80;911.11;390.62;4.00;1;0;1;0;0;1;0;0;0;0;0;1;1;0;0;0;0;0
102253;2.74;1.00;68.00;3070.00;15.75;66.00;21.75;5.88;13.91;13.92;6.29;1.54;2.82;76855.00;69.00;69.00;72.00;4478.00;911.11;800.77;5.00;1;0;1;0;0;1;0;0;0;0;0;1;1;0;0;0;0;0
103710;2.73;1.00;73.00;3370.00;15.75;66.75;33.75;10.20;21.68;14.02;0.66;0.62;2.58;76855.00;72.00;73.00;69.00;4493.20;911.11;761.71;5.00;1;0;1;0;0;1;0;0;0;0;0;1;1;0;0;0;0;0
105146;2.65;1.00;77.00;3333.00;15.75;66.75;29.25;8.63;19.84;13.92;1.60;0.33;2.82;76855.00;76.00;78.00;69.00;4236.40;911.11;820.30;6.00;1;0;1;0;0;1;0;0;0;0;0;1;1;0;0;0;0;0
106554;1.69;0.94;80.00;3366.00;15.75;67.50;37.50;5.49;15.50;14.02;10.25;38.24;2.58;76855.00;80.00;80.00;66.00;4501.40;911.11;664.05;6.00;1;0;1;0;0;1;0;0;0;0;0;1;1;0;0;0;0;0
107933;1.28;0.91;81.00;3405.00;15.75;67.50;37.50;3.92;11.14;14.02;173.43;130.58;2.58;76855.00;81.00;81.00;66.00;4522.60;911.18;878.90;6.00;1;0;1;0;0;1;0;0;0;0;0;1;1;0;0;0;0;0
109516;0.73;0.89;81.00;3412.00;15.00;68.25;38.25;1.57;6.46;14.02;290.70;296.09;2.58;76855.00;81.00;80.00;63.00;4510.20;911.46;78.12;6.00;1;0;1;0;0;1;0;0;0;0;0;1;1;0;0;0;0;0
110902;0.62;1.00;77.00;3301.00;15.00;68.25;-30.00;0;0;13.92;341.97;338.67;2.82;76856.00;77.00;78.00;63.00;4539.60;911.89;0;6.00;1;0;1;0;0;1;0;0;0;0;0;1;1;0;0;0;0;0
112424;1.44;1.00;76.00;3175.00;15.75;68.25;35.25;0.39;11.66;13.92;313.91;309.39;2.82;76856.00;76.00;75.00;63.00;4275.00;912.16;19.53;6.00;1;0;1;0;0;1;0;0;0;0;0;1;1;0;0;0;0;0
113944;1.04;0.98;75.00;3149.00;15.75;69.00;34.50;2.35;8.60;13.92;90.01;98.33;2.82;76856.00;74.00;75.00;60.00;4471.40;912.28;136.72;6.00;1;0;1;0;0;1;0;0;0;0;0;1;1;0;0;0;0;0
115402;0.66;1.00;72.00;3103.00;15.75;69.00;-30.00;0;0;14.02;14.10;16.54;2.58;76856.00;73.00;73.00;60.00;4477.20;912.67;0;6.00;1;0;1;0;0;1;0;0;0;0;0;1;1;0;0;0;0;0
116885;1.50;1.01;72.00;3189.00;15.75;69.00;35.25;3.92;11.67;14.02;3.93;2.27;2.58;76856.00;73.00;73.00;60.00;4452.40;913.21;390.62;6.00;1;0;1;0;0;1;0;0;0;0;0;1;1;0;0;0;0;0
118323;1.26;0.99;76.00;3168.00;15.75;69.00;35.25;3.14;10.40;13.83;0.31;0.14;2.82;76856.00;76.00;77.00;60.00;4510.00;913.45;820.30;6.00;1;0;1;0;0;1;0;0;0;0;0;1;1;0;0;0;0;0
119770;0.63;0.96;78.00;3323.00;15.75;69.00;36.75;1.18;5.76;13.83;0;0;2.82;76856.00;79.00;79.00;60.00;4505.20;913.57;39.06;6.00;1;0;1;0;0;1;0;0;0;0;0;1;1;0;0;0;0;0
121203;0.60;1.00;77.00;3299.00;15.75;69.00;-30.00;0;0;14.02;0.23;0.35;2.58;76856.00;78.00;77.00;60.00;4518.40;914.19;0;6.00;1;0;1;0;0;1;0;0;0;0;0;1;1;0;0;0;0;0
122715;0.60;1.00;76.00;3226.00;15.75;69.75;-30.00;0;0;14.02;136.98;151.63;2.58;76856.00;76.00;76.00;58.00;4508.00;914.58;19.53;6.00;1;0;1;0;0;1;0;0;0;0;0;1;1;0;0;0;0;0
124243;1.10;1.00;72.00;3057.00;15.75;69.75;34.50;0.39;11.56;14.02;193.87;159.97;2.58;76856.00;71.00;72.00;58.00;4259.40;914.89;39.06;6.00;1;0;1;0;0;1;0;0;0;0;0;1;1;0;0;0;0;0
125750;0.72;1.00;65.00;2750.00;15.75;69.75;-30.00;0;0;14.02;297.19;283.34;2.58;76856.00;65.00;65.00;58.00;4345.40;915.52;19.53;6.00;1;0;1;0;0;1;0;0;0;0;0;1;1;0;0;0;0;0
127203;1.08;1.00;61.00;2615.00;15.75;69.75;25.50;1.57;8.40;14.02;345.62;336.19;2.58;76856.00;62.00;61.00;58.00;4300.20;915.95;39.06;6.00;1;0;1;0;0;1;0;0;0;0;0;1;1;0;0;0;0;0
128637;1.83;1.03;63.00;2694.00;15.75;69.75;28.50;4.31;14.43;14.02;341.76;332.99;2.58;76856.00;63.00;64.00;58.00;4506.40;916.50;97.66;6.00;1;0;1;0;0;1;0;0;0;0;0;1;1;0;0;0;0;0
130014;1.66;1.04;67.00;2897.00;15.75;69.75;31.50;3.92;13.04;14.02;253.42;347.22;2.58;76856.00;68.00;68.00;58.00;4522.60;916.93;859.36;6.00;1;0;1;0;0;1;0;0;0;0;0;1;1;0;0;0;0;0
131473;0.66;1.00;68.00;2908.00;15.75;69.75;28.50;0;13.02;14.02;259.69;277.15;2.58;76856.00;69.00;69.00;58.00;4517.60;917.16;58.59;6.00;1;0;1;0;0;1;0;0;0;0;0;1;1;0;0;0;0;0
133006;0.71;1.00;65.00;2749.00;15.75;69.75;26.25;0;13.11;14.02;326.48;326.05;2.58;76856.00;65.00;65.00;58.00;4495.80;917.36;39.06;6.00;1;0;1;0;0;1;0;0;0;0;0;1;1;0;0;0;0;0
134437;0.79;1.00;58.00;2483.00;15.75;69.75;21.00;0;13.14;13.92;330.78;291.41;2.82;76856.00;59.00;58.00;66.00;4538.00;917.82;58.59;6.00;1;0;1;0;0;1;0;0;1;0;0;1;1;0;0;0;0;0
135902;0.90;1.00;55.00;2375.00;15.75;69.75;14.25;0;13.26;14.02;127.90;208.15;2.58;76856.00;55.00;55.00;64.00;4545.80;918.21;39.06;6.00;1;0;1;0;0;1;0;0;1;0;0;1;1;0;0;0;0;0
137356;0.97;1.00;48.00;2103.00;15.75;69.75;14.25;0;13.34;14.11;108.86;167.98;2.58;76856.00;49.00;49.00;62.00;4496.00;918.53;58.59;6.00;1;0;1;0;0;1;0;0;1;0;0;1;1;0;0;0;0;0
138798;2.03;1.00;41.00;1761.00;15.75;69.75;8.25;1.96;11.80;14.11;87.10;199.07;2.58;76856.00;41.00;41.00;58.00;4506.00;919.23;878.90;5.00;1;0;1;0;0;1;0;0;1;0;0;1;1;0;0;0;0;0
140315;1.07;1.00;32.00;1949.00;15.75;69.75;13.50;0;13.39;14.11;48.75;126.05;2.58;76856.00;32.00;32.00;61.00;4524.40;919.58;800.77;3.00;1;0;1;0;0;1;0;0;1;0;0;1;1;0;0;0;0;0
141838;1.40;1.01;22.00;1356.00;15.75;69.75;13.50;0;13.20;14.39;41.42;66.27;2.31;76856.00;23.00;22.00;61.00;4494.60;919.70;78.12;3.00;1;0;1;1;0;1;0;0;1;0;0;1;1;0;0;0;0;0
143324;1.50;1.05;11.00;1357.00;15.75;69.75;13.50;0;13.11;14.30;19.14;26.95;2.58;76856.00;11.00;10.00;60.00;4520.80;919.93;97.66;2.00;1;0;1;0;0;1;0;0;1;0;0;1;1;0;0;0;0;0
144795;1.45;1.04;5.00;1338.00;15.75;69.75;14.25;0;13.21;14.21;10.49;21.03;2.58;76856.00;5.00;4.00;60.00;4509.60;920.60;800.77;1;1;0;1;0;0;1;0;0;1;0;0;1;1;0;0;0;0;0
146302;2.62;1.00;0;2352.00;15.75;70.50;21.75;5.10;18.29;14.02;18.48;115.25;2.58;76856.00;0;0;55.00;4563.20;920.87;898.43;1;1;0;1;0;0;1;0;0;1;0;0;1;1;0;0;0;0;0
147773;2.56;0.98;18.00;2301.00;15.75;70.50;21.00;9.81;28.99;14.02;87.28;228.58;2.58;76856.00;19.00;19.00;55.00;4584.60;920.95;39.06;1;1;0;1;0;0;1;0;0;1;0;0;1;1;0;0;0;0;0
149197;4.48;1.00;30.00;2354.00;15.75;70.50;21.00;15.69;31.27;14.02;179.42;261.17;2.58;76856.00;30.00;30.00;55.00;4371.80;921.03;39.06;2.00;1;0;1;0;0;1;0;0;0;0;0;1;1;0;0;0;0;0
150742;2.36;1.00;41.00;2575.00;15.75;70.50;21.00;5.88;17.53;14.02;324.88;340.60;2.58;76856.00;42.00;42.00;55.00;4235.40;921.03;859.36;3.00;1;0;1;0;0;1;0;0;1;0;0;1;1;0;0;0;0;0
152114;1.98;0.93;47.00;2955.00;15.75;70.50;33.00;5.49;17.24;13.92;346.89;350.58;2.82;76856.00;47.00;48.00;55.00;4507.80;921.03;117.19;3.00;1;0;1;0;0;1;0;0;1;0;0;1;1;0;0;0;0;0
153583;3.38;0.98;53.00;3310.00;15.00;70.50;32.25;14.51;26.90;13.92;204.62;315.41;2.82;76856.00;53.00;54.00;55.00;4504.20;921.03;839.83;3.00;1;0;1;0;0;1;0;0;1;0;0;1;1;0;0;0;0;0
154980;2.72;0.94;61.00;3164.00;15.00;70.50;34.50;9.81;23.38;14.02;298.15;329.63;2.58;76856.00;60.00;61.00;55.00;4483.40;921.03;273.43;4.00;1;0;1;0;0;1;0;0;0;0;0;1;1;0;0;0;0;0
156363;4.74;1.00;67.00;3504.00;15.00;70.50;27.00;21.96;31.81;13.92;351.68;329.02;2.82;76856.00;66.00;67.00;55.00;4545.20;921.03;839.83;4.00;1;0;1;0;0;1;0;0;0;0;0;1;1;0;0;0;0;0
157832;4.28;1.03;73.00;3408.00;15.00;70.50;28.50;21.18;30.40;14.02;348.12;344.96;2.58;76856.00;73.00;74.00;55.00;4526.20;921.03;58.59;5.00;1;0;1;0;0;1;0;0;0;0;0;1;1;0;0;0;0;0
159272;4.85;1.00;81.00;3462.00;15.00;71.25;26.25;21.96;30.93;14.02;331.58;319.94;2.58;76856.00;80.00;81.00;54.00;4520.40;921.07;117.19;6.00;1;0;1;0;0;1;0;0;0;0;0;1;1;0;0;0;0;0
160786;2.35;0.97;86.00;3677.00;15.00;71.25;39.75;8.24;19.60;14.02;349.08;327.40;2.58;76856.00;86.00;87.00;54.00;4486.20;921.22;878.90;6.00;1;0;1;0;0;1;0;0;0;0;0;1;1;0;0;0;0;0
162193;0.80;0.99;86.00;3657.00;15.00;72.00;42.00;1.57;6.53;13.92;327.65;364.23;2.82;76856.00;87.00;87.00;54.00;4530.80;921.38;917.96;6.00;1;0;1;0;0;1;0;0;0;0;0;1;1;0;0;0;0;0
163639;0.54;1.00;82.00;3461.00;15.00;72.00;-30.00;0;0;13.92;345.08;350.08;2.82;76856.00;83.00;82.00;54.00;4530.00;921.77;0;6.00;1;0;1;0;0;1;0;0;0;0;0;1;1;0;0;0;0;0
165049;0.63;1.00;72.00;3046.00;15.00;72.00;-30.00;0;0;13.92;289.59;257.85;2.82;76856.00;73.00;72.00;54.00;4334.80;922.00;156.25;6.00;1;0;1;0;0;1;0;0;0;0;0;1;1;0;0;0;0;0
166563;1.05;1.01;71.00;3001.00;15.00;72.75;19.50;2.35;7.23;13.92;81.77;82.03;2.82;76856.00;71.00;71.00;53.00;4476.20;922.16;859.36;6.00;1;0;1;0;0;1;0;0;0;0;0;1;1;0;0;0;0;0
167989;1.10;0.98;71.00;3019.00;15.00;72.75;34.50;2.35;9.38;13.92;10.90;11.54;2.82;76856.00;71.00;71.00;53.00;4520.80;922.20;859.36;6.00;1;0;1;0;0;1;0;0;0;0;0;1;1;0;0;0;0;0
169404;2.87;1.00;71.00;3063.00;15.00;72.75;33.75;10.20;22.18;13.92;1.56;1.70;2.82;76856.00;71.00;72.00;53.00;4488.60;922.36;664.05;6.00;1;0;1;0;0;1;0;0;0;0;0;1;1;0;0;0;0;0
170945;1.02;1.01;73.00;3102.00;15.00;73.50;36.00;2.75;10.25;13.92;1.91;0.55;2.82;76857.00;73.00;74.00;53.00;4558.80;922.98;859.36;6.00;1;0;1;0;0;1;0;0;0;0;0;1;1;0;0;0;0;0
172385;0.66;0.98;72.00;3065.00;15.00;73.50;34.50;0.39;6.14;14.02;0.14;2.09;2.58;76857.00;72.00;72.00;53.00;4509.80;923.29;39.06;6.00;1;0;1;0;0;1;0;0;0;0;0;1;1;0;0;0;0;0
173825;0.65;1.00;72.00;3047.00;15.00;73.50;-30.00;0;0;13.92;0;0.20;2.82;76857.00;71.00;72.00;53.00;4298.60;923.41;195.31;6.00;1;0;1;0;0;1;0;0;0;0;0;1;1;0;0;0;0;0
175354;0.55;1.00;71.00;2999.00;15.00;73.50;-30.00;0;0;13.92;1.33;2.13;2.82;76857.00;71.00;71.00;53.00;4552.40;923.45;19.53;6.00;1;0;1;0;0;1;0;0;0;0;0;1;1;0;0;0;0;0
176823;0.79;1.00;61.00;2646.00;15.00;74.25;-30.00;0;0;14.02;1.80;0.23;2.58;76857.00;62.00;62.00;53.00;4275.40;923.68;39.06;6.00;1;0;1;0;0;1;0;0;0;0;0;1;1;0;0;0;0;0
178257;0.86;1.00;51.00;2364.00;15.00;74.25;15.75;0;12.88;14.02;2.19;2.54;2.58;76857.00;51.00;51.00;57.00;4554.40;924.23;898.43;5.00;1;0;1;0;0;1;0;0;1;0;0;1;1;0;0;0;0;0
179733;0.90;1.00;46.00;2393.00;15.00;74.25;17.25;0;12.88;14.02;9.32;22.65;2.58;76857.00;46.00;46.00;56.00;4281.40;924.50;78.12;4.00;1;0;1;0;0;1;0;0;1;0;0;1;1;0;0;0;0;0
181169;3.57;1.00;48.00;2564.00;15.00;74.25;25.50;12.16;26.34;14.02;1.70;4.51;2.58;76857.00;48.00;49.00;53.00;4456.40;924.66;136.72;4.00;1;0;1;0;0;1;0;0;1;0;0;1;1;0;0;0;0;0
182766;3.70;1.00;58.00;3081.00;15.00;74.25;26.25;20.39;32.05;14.02;0.14;0.51;2.58;76857.00;59.00;59.00;53.00;4539.20;924.78;859.36;4.00;1;0;1;0;0;1;0;0;0;0;0;1;1;0;0;0;0;0
184140;2.25;0.95;66.00;3471.00;15.00;74.25;39.00;7.84;19.35;13.83;0;2.85;2.82;76857.00;67.00;67.00;53.00;4522.60;924.86;898.43;4.00;1;0;1;0;0;1;0;0;0;0;0;1;1;0;0;0;0;0
185579;2.40;0.97;71.00;3667.00;15.00;74.25;39.75;8.24;19.54;13.92;10.23;0.23;2.82;76857.00;69.00;71.00;53.00;4508.60;925.29;859.36;4.00;1;0;1;0;0;1;0;0;0;0;0;1;1;0;0;0;0;0
187032;3.16;1.00;75.00;3908.00;15.00;75.00;38.25;13.33;23.69;13.83;2.91;3.40;2.82;76857.00;74.00;75.00;52.00;4528.80;925.40;898.43;4.00;1;0;1;0;0;1;0;0;0;0;0;1;1;0;0;0;0;0
188501;3.09;0.99;78.00;3594.00;15.00;75.00;34.50;14.12;24.91;14.02;0.33;0.12;2.58;76857.00;77.00;79.00;52.00;4525.60;925.68;761.71;5.00;1;0;1;0;0;1;0;0;0;0;0;1;1;0;0;0;0;0
190081;0.58;0.94;80.00;3472.00;15.00;75.00;39.75;1.18;5.73;14.02;0;2.32;2.58;76857.00;80.00;80.00;52.00;4554.20;925.87;664.05;5.00;1;0;1;0;0;1;0;0;0;0;0;1;1;0;0;0;0;0
191523;0.56;1.00;73.00;3356.00;15.00;75.00;-30.00;0;0;14.02;2.09;1.97;2.58;76857.00;74.00;73.00;52.00;4565.80;925.91;0;5.00;1;0;1;0;0;1;0;0;0;0;0;1;1;0;0;0;0;0
193008;0.60;1.00;60.00;3100.00;15.00;75.00;-30.00;0;0;14.02;0.12;0.74;2.58;76857.00;60.00;59.00;52.00;4526.80;925.95;19.53;4.00;1;0;1;0;0;1;0;0;1;0;0;1;1;0;0;0;0;0
194509;1.53;1.01;56.00;2843.00;15.00;75.00;29.25;3.14;11.71;13.92;0;0.64;2.82;76857.00;56.00;56.00;52.00;4415.80;926.22;585.93;4.00;1;0;1;0;0;1;0;0;1;0;0;1;1;0;0;0;0;0
196004;2.74;0.99;53.00;2787.00;15.00;75.75;22.50;7.45;19.87;14.02;0.68;1.05;2.58;76857.00;52.00;54.00;52.00;4323.20;926.73;742.18;4.00;1;0;1;0;0;1;0;0;1;0;0;1;1;0;0;0;0;0
197502;5.02;1.00;60.00;3108.00;15.00;75.75;19.50;26.28;36.98;14.02;0;0.78;2.58;76857.00;58.00;60.00;52.00;4515.40;926.97;39.06;4.00;1;0;1;0;0;1;0;0;0;0;0;1;1;0;0;0;0;0
199058;2.22;1.00;65.00;3385.00;15.00;75.75;38.25;7.45;19.00;13.92;1.46;0.76;2.82;76857.00;65.00;65.00;52.00;4510.40;927.12;898.43;4.00;1;0;1;0;0;1;0;0;0;0;0;1;1;0;0;0;0;0
200521;1.34;0.97;66.00;3451.00;15.00;75.75;39.75;3.92;11.26;13.92;2.17;0.51;2.82;76857.00;66.00;66.00;52.00;4519.00;927.16;898.43;4.00;1;0;1;0;0;1;0;0;0;0;0;1;1;0;0;0;0;0
201957;1.74;0.96;63.00;3317.00;15.00;75.75;38.25;5.49;14.88;14.02;0.08;0;2.58;76857.00;64.00;64.00;52.00;4502.00;927.20;878.90;4.00;1;0;1;0;0;1;0;0;0;0;0;1;1;0;0;0;0;0
203396;3.82;1.00;68.00;3603.00;15.00;76.50;31.50;17.65;27.56;14.02;143.92;151.55;2.58;76857.00;68.00;69.00;51.00;4555.20;927.20;781.24;4.00;1;0;1;0;0;1;0;0;0;0;0;1;1;0;0;0;0;0
204954;2.70;0.97;73.00;3393.00;15.00;76.50;35.25;10.98;22.57;14.02;226.39;220.69;2.58;76857.00;73.00;74.00;51.00;4496.80;927.24;742.18;5.00;1;0;1;0;0;1;0;0;0;0;0;1;1;0;0;0;0;0
206393;0.52;1.00;73.00;3383.00;15.00;76.50;-30.00;0;0;13.92;160.54;193.50;2.82;76857.00;73.00;73.00;51.00;4622.80;927.24;0;5.00;1;0;1;0;0;1;0;0;0;0;0;1;1;0;0;0;0;0
207848;0.50;1.00;63.00;2999.00;15.00;77.25;-30.00;0;0;14.02;298.05;315.37;2.58;76857.00;64.00;63.00;51.00;4621.20;927.36;19.53;5.00;1;0;1;0;0;1;0;0;0;0;0;1;1;0;0;0;0;0
209320;0.60;1.00;48.00;2945.00;15.00;77.25;-30.00;0;0;14.02;352.32;346.48;2.58;76857.00;49.00;48.00;51.00;4538.80;927.63;0;3.00;1;0;1;0;0;1;0;0;1;0;0;1;1;0;0;0;0;0
210794;1.25;1.00;43.00;2674.00;15.00;77.25;28.50;1.96;8.35;13.92;344.72;346.33;2.82;76857.00;44.00;44.00;51.00;4227.20;927.98;410.15;3.00;1;0;1;0;0;1;0;0;1;0;0;1;1;0;0;0;0;0
212226;1.98;0.96;46.00;2810.00;15.00;78.00;31.50;5.10;16.63;13.83;308.67;261.80;2.82;76857.00;46.00;46.00;50.00;4477.00;928.33;898.43;3.00;1;0;1;0;0;1;0;0;1;0;0;1;1;0;0;0;0;0
213702;5.46;1.00;53.00;3314.00;15.00;78.00;18.00;30.59;39.35;13.92;340.86;290.51;2.82;76857.00;53.00;54.00;50.00;4587.40;928.53;566.40;3.00;1;0;1;0;0;1;0;0;1;0;0;1;1;0;0;0;0;0
215210;3.98;1.00;65.00;4023.00;15.00;78.00;33.00;19.61;31.56;13.92;332.91;322.46;2.82;76857.00;64.00;66.00;50.00;4540.80;928.92;898.43;3.00;1;0;1;0;0;1;0;0;1;0;0;1;1;0;0;0;0;0
216644;3.00;0.97;70.00;3683.00;15.00;78.00;36.75;12.55;23.89;13.92;310.04;292.89;2.82;76857.00;71.00;71.00;50.00;4471.00;929.04;839.83;4.00;1;0;1;0;0;1;0;0;0;0;0;1;1;0;0;0;0;0
218143;0.92;0.82;72.00;3788.00;15.00;78.00;43.50;3.53;9.67;13.92;168.27;231.74;2.82;76857.00;73.00;73.00;50.00;4537.00;929.15;761.71;4.00;1;0;1;0;0;1;0;0;0;0;0;1;1;0;0;0;0;0
219582;0.50;1.00;67.00;3515.00;15.00;78.00;-30.00;0;0;13.92;245.41;309.28;2.82;76857.00;68.00;68.00;50.00;4547.80;929.35;0;4.00;1;0;1;0;0;1;0;0;0;0;0;1;1;0;0;0;0;0
221068;0.61;1.00;58.00;3055.00;15.00;78.75;-30.00;0;0;14.02;305.59;314.47;2.58;76857.00;59.00;59.00;50.00;4599.60;929.43;0;4.00;1;0;1;0;0;1;0;0;1;0;0;1;1;0;0;0;0;0
222499;2.36;1.00;55.00;2758.00;15.00;78.75;5.25;5.49;12.14;13.92;254.30;244.36;2.82;76857.00;55.00;55.00;50.00;4249.00;929.54;624.99;4.00;1;0;1;0;0;1;0;0;1;0;0;1;1;0;0;0;0;0
224036;0.66;1.00;52.00;2745.00;15.00;78.75;-30.00;0;0;14.02;212.60;216.41;2.58;76857.00;53.00;53.00;50.00;4493.60;929.62;0;4.00;1;0;1;0;0;1;0;0;1;0;0;1;1;0;0;0;0;0
225547;0.86;1.00;47.00;2475.00;15.00;79.50;16.50;0;12.36;14.02;102.04;134.60;2.58;76857.00;48.00;48.00;51.00;4265.40;929.66;39.06;4.00;1;0;1;0;0;1;0;0;1;0;0;1;1;0;0;0;0;0
227148;1.03;1.02;45.00;2338.00;15.00;79.50;22.50;0.78;8.08;14.02;137.92;82.71;2.58;76858.00;45.00;45.00;49.00;4522.60;929.66;859.36;4.00;1;0;1;0;0;1;0;0;1;0;0;1;1;0;0;0;0;0
228664;1.02;0.99;43.00;2283.00;15.00;79.50;22.50;0.78;8.02;14.02;33.14;19.80;2.58;76858.00;44.00;44.00;49.00;4526.60;929.66;898.43;4.00;1;0;1;0;0;1;0;0;1;0;0;1;1;0;0;0;0;0
229978;0.79;1.00;41.00;2494.00;15.00;79.50;17.25;0;12.35;13.92;8.85;5.41;2.82;76858.00;41.00;41.00;50.00;4507.20;929.66;39.06;3.00;1;0;1;0;0;1;0;0;1;0;0;1;1;0;0;0;0;0
231457;2.22;1.02;37.00;2425.00;15.00;79.50;6.00;4.71;12.51;13.92;80.87;76.91;2.82;76858.00;38.00;38.00;49.00;4503.40;930.01;292.97;3.00;1;0;1;0;0;1;0;0;1;0;0;1;1;0;0;0;0;0
233080;1.63;1.00;43.00;2648.00;15.00;79.50;27.75;3.14;13.23;14.02;15.19;13.36;2.58;76858.00;42.00;44.00;49.00;4510.40;930.21;859.36;3.00;1;0;1;0;0;1;0;0;1;0;0;1;1;0;0;0;0;0
234601;1.51;0.95;45.00;2780.00;15.00;79.50;30.75;3.53;12.89;14.02;3.03;2.60;2.58;76858.00;45.00;45.00;49.00;4507.20;930.52;449.21;3.00;1;0;1;0;0;1;0;0;1;0;0;1;1;0;0;0;0;0
236095;2.57;0.96;51.00;3152.00;15.00;79.50;35.25;8.24;21.74;13.83;1.91;0.23;2.82;76858.00;51.00;51.00;49.00;4509.80;930.75;742.18;3.00;1;0;1;0;0;1;0;0;1;0;0;1;1;0;0;0;0;0
237548;1.17;0.97;55.00;3349.00;15.00;79.50;38.25;2.75;9.80;13.92;0.10;0.45;2.82;76858.00;55.00;54.00;49.00;4524.00;930.79;878.90;3.00;1;0;1;0;0;1;0;0;0;0;0;1;1;0;0;0;0;0
239065;0.59;1.00;52.00;3157.00;15.00;79.50;-30.00;0;0;14.11;0.94;1.87;2.58;76858.00;52.00;52.00;49.00;4575.20;930.87;0;3.00;1;0;1;0;0;1;0;0;0;0;0;1;1;0;0;0;0;0
240531;0.60;1.00;48.00;2958.00;15.00;79.50;-30.00;0;0;14.02;0.84;0.14;2.58;76858.00;49.00;48.00;49.00;4621.20;930.91;0;3.00;1;0;1;0;0;1;0;0;1;0;0;1;1;0;0;0;0;0
242004;0.65;1.00;45.00;2751.00;15.00;80.25;-30.00;0;0;14.02;0.88;0;2.58;76858.00;44.00;45.00;49.00;4300.00;930.91;58.59;3.00;1;0;1;0;0;1;0;0;1;0;0;1;1;0;0;0;0;0
243503;1.22;1.00;46.00;2780.00;15.00;80.25;24.00;1.96;9.30;14.02;1.05;2.32;2.58;76858.00;46.00;46.00;49.00;4502.20;930.95;898.43;3.00;1;0;1;0;0;1;0;0;1;0;0;1;1;0;0;0;0;0
245023;0.66;1.00;42.00;2615.00;15.00;80.25;-30.00;0;0;14.11;1.27;1.35;2.58;76858.00;43.00;43.00;49.00;4570.00;931.46;0;3.00;1;0;1;0;0;1;0;0;1;0;0;1;1;0;0;0;0;0
246484;3.49;1.00;36.00;2247.00;15.00;80.25;-0.75;6.28;13.17;14.11;6.19;0.14;2.58;76858.00;37.00;36.00;49.00;4426.40;931.73;39.06;3.00;1;0;1;0;0;1;0;0;1;0;0;1;1;0;0;0;0;0
247967;0.79;1.00;33.00;2613.00;15.00;80.25;18.75;0;12.35;14.02;3.46;4.32;2.58;76858.00;33.00;34.00;49.00;4505.60;931.97;39.06;2.00;1;0;1;0;0;1;0;0;1;0;0;1;1;0;0;0;0;0
249397;1.91;0.98;36.00;2891.00;15.00;80.25;24.75;4.31;14.29;14.02;0.49;4.39;2.58;76858.00;36.00;37.00;49.00;4519.40;932.08;839.83;2.00;1;0;1;0;0;1;0;0;1;0;0;1;1;0;0;0;0;0
250860;0.71;1.00;36.00;2660.00;15.00;80.25;18.75;0;12.33;13.92;2.91;0.62;2.82;76858.00;37.00;36.00;49.00;4514.00;932.12;39.06;2.00;1;0;1;0;0;1;0;0;1;0;0;1;1;0;0;0;0;0
252231;2.11;1.00;35.00;2711.00;15.00;80.25;9.75;5.10;12.53;14.02;2.03;1.80;2.58;76858.00;35.00;35.00;49.00;4513.80;932.16;859.36;2.00;1;0;1;0;0;1;0;0;0;0;0;1;1;0;0;0;0;0
253724;2.64;1.00;42.00;2601.00;15.00;80.25;21.75;6.67;19.29;13.83;0.96;0.18;2.82;76858.00;42.00;42.00;49.00;4225.20;932.16;859.36;3.00;1;0;1;0;0;1;0;0;1;0;0;1;1;0;0;0;0;0
255153;1.42;0.95;48.00;2981.00;15.00;80.25;33.75;3.14;12.23;14.02;0;3.16;2.58;76858.00;48.00;49.00;49.00;4542.40;932.16;878.90;3.00;1;0;1;0;0;1;0;0;1;0;0;1;1;0;0;0;0;0
256642;1.07;0.90;51.00;3088.00;15.00;80.25;36.00;2.35;9.35;14.02;0;2.25;2.58;76858.00;52.00;51.00;49.00;4473.80;932.28;78.12;3.00;1;0;1;0;0;1;0;0;1;0;0;1;1;0;0;0;0;0
258090;3.00;0.99;56.00;3438.00;15.00;80.25;35.25;10.98;24.17;13.92;0;0.06;2.82;76858.00;55.00;56.00;49.00;4516.80;932.63;312.50;3.00;1;0;1;0;0;1;0;0;1;0;0;1;1;0;0;0;0;0
259702;1.35;0.95;60.00;3634.00;15.00;80.25;41.25;3.92;11.55;13.92;0;0;2.82;76858.00;60.00;60.00;49.00;4512.40;932.82;820.30;3.00;1;0;1;0;0;1;0;0;1;0;0;1;1;0;0;0;0;0
261152;0;1.00;65.00;3935.00;14.25;80.25;45.00;5.10;13.29;14.02;0;0.21;2.58;76858.00;64.00;65.00;49.00;4519.60;933.14;703.12;3.00;1;0;1;0;0;1;0;0;0;0;0;1;1;0;0;0;0;0
262719;4.70;1.01;70.00;3631.00;14.25;81.00;24.75;24.32;35.26;14.02;2.50;0.94;2.58;76858.00;69.00;70.00;48.00;4564.80;933.29;800.77;4.00;1;0;1;0;0;1;0;0;0;0;0;1;1;0;0;0;0;0
264266;1.94;0.98;73.00;3809.00;14.25;81.00;42.75;6.67;17.03;14.02;0.39;0.33;2.58;76858.00;73.00;74.00;48.00;4500.60;933.33;937.49;4.00;1;0;1;0;0;1;0;0;0;0;0;1;1;0;0;0;0;0
265752;1.14;0.97;68.00;3534.00;14.25;81.00;40.50;3.14;9.53;14.02;0.23;0.72;2.58;76858.00;69.00;69.00;48.00;4503.00;933.37;898.43;4.00;1;0;1;0;0;1;0;0;0;0;0;1;1;0;0;0;0;0
267110;2.74;1.00;67.00;3492.00;14.25;81.00;37.50;9.41;21.21;14.02;1.02;0.47;2.58;76858.00;66.00;67.00;48.00;4490.60;933.29;859.36;4.00;1;0;1;0;0;1;0;0;0;0;0;1;1;0;0;0;0;0
268618;3.87;1.00;71.00;3721.00;14.25;81.00;30.75;19.61;30.00;14.02;2.66;0.18;2.58;76858.00;70.00;71.00;48.00;4541.40;933.29;839.83;4.00;1;0;1;0;0;1;0;0;0;0;0;1;1;0;0;0;0;0
270085;5.01;1.00;77.00;3998.00;14.25;81.00;27.75;25.10;36.32;14.02;1.70;0.96;2.58;76858.00;75.00;77.00;48.00;4590.40;933.10;722.65;4.00;1;0;1;0;0;1;0;0;0;0;0;1;1;0;0;0;0;0
271570;6.61;1.00;80.00;3696.00;14.25;81.75;18.00;35.30;41.96;14.02;0.23;0;2.58;76858.00;80.00;80.00;48.00;4498.40;932.79;898.43;5.00;1;0;1;0;0;1;0;0;0;0;0;1;1;0;0;0;0;0
273002;6.14;0.94;88.00;4096.00;14.25;81.75;16.50;43.53;46.27;14.02;0.35;4.24;2.58;76858.00;88.00;89.00;48.00;4556.40;932.71;722.65;5.00;1;0;1;0;0;1;0;0;0;0;0;1;1;0;0;0;0;0
274460;6.53;1.01;97.00;4485.00;14.25;81.75;18.75;46.28;46.22;13.83;0.82;1.86;2.82;76858.00;95.00;97.00;48.00;4461.60;932.55;878.90;5.00;1;0;1;0;0;1;0;0;0;0;0;1;1;0;0;0;0;0
275952;3.05;1.00;98.00;4177.00;14.25;81.75;38.25;14.12;25.04;13.92;0.35;0.31;2.82;76858.00;98.00;99.00;48.00;4460.60;932.39;898.43;6.00;1;0;1;0;0;1;0;0;0;0;0;1;1;0;0;0;0;0
277419;1.24;0.99;96.00;4095.00;14.25;82.50;46.50;3.92;10.29;13.92;1.39;1.66;2.82;76858.00;96.00;97.00;48.00;4477.00;932.28;917.96;6.00;1;0;1;0;0;1;0;0;0;0;0;1;1;0;0;0;0;0
278861;1.12;0.94;93.00;3942.00;14.25;82.50;45.75;3.92;9.73;14.02;0.68;0.31;2.58;76858.00;94.00;93.00;48.00;4508.40;932.24;898.43;6.00;1;0;1;0;0;1;0;0;0;0;0;1;1;0;0;0;0;0
280245;3.18;1.00;91.00;3872.00;14.25;82.50;36.75;13.73;24.22;13.92;1.05;0.66;2.82;76858.00;90.00;91.00;48.00;4540.40;932.20;859.36;6.00;1;0;1;0;0;1;0;0;0;0;0;1;1;0;0;0;0;0
281734;2.71;0.94;91.00;3848.00;14.25;83.25;37.50;11.77;23.26;14.02;122.02;99.54;2.58;76858.00;90.00;91.00;47.00;4518.00;932.20;742.18;6.00;1;0;1;0;0;1;0;0;0;0;0;1;1;0;0;0;0;0
283106;1.22;0.98;88.00;3785.00;14.25;82.50;43.50;3.92;10.33;13.92;19.92;13.01;2.82;76858.00;88.00;89.00;48.00;4505.60;932.20;898.43;6.00;1;0;1;0;0;1;0;0;0;0;0;1;1;0;0;0;0;0
284563;0.46;1.00;83.00;3833.00;14.25;82.50;-30.00;0;0;13.92;3.03;1.05;2.82;76858.00;84.00;83.00;48.00;4755.20;932.20;0;5.00;1;0;1;0;0;1;0;0;0;0;0;1;1;0;0;0;0;0
286017;0.97;1.00;77.00;3632.00;14.25;82.50;39.75;1.96;6.71;14.02;4.63;0.62;2.58;76859.00;78.00;78.00;48.00;4212.00;932.20;917.96;5.00;1;0;1;0;0;1;0;0;0;0;0;1;1;0;0;0;0;0
287577;3.19;0.97;78.00;3634.00;14.25;81.75;34.50;14.90;25.44;13.92;0.21;0;2.82;76859.00;77.00;79.00;48.00;4495.20;932.39;878.90;5.00;1;0;1;0;0;1;0;0;0;0;0;1;1;0;0;0;0;0
289182;5.10;1.02;80.00;3687.00;14.25;81.75;22.50;27.06;37.78;14.02;1.31;0.72;2.58;76859.00;79.00;80.00;48.00;4521.00;932.63;800.77;5.00;1;0;1;0;0;1;0;0;0;0;0;1;1;0;0;0;0;0
290675;6.02;0.97;87.00;4001.00;13.50;81.00;18.00;37.65;44.09;14.02;0;4.16;2.58;76859.00;84.00;87.00;48.00;4549.20;932.59;859.36;5.00;1;0;1;0;0;1;0;0;0;0;0;1;1;0;0;0;0;0
292122;2.80;1.00;88.00;4099.00;13.50;81.00;38.25;13.33;25.05;13.92;1.39;3.83;2.82;76859.00;89.00;89.00;48.00;4430.80;932.47;917.96;5.00;1;0;1;0;0;1;0;0;0;0;0;1;1;0;0;0;0;0
293563;1.57;0.98;83.00;3897.00;13.50;81.00;44.25;5.10;12.88;14.02;0;0.16;2.58;76859.00;84.00;84.00;48.00;4478.20;932.32;917.96;5.00;1;0;1;0;0;1;0;0;0;0;0;1;1;0;0;0;0;0
295002;2.47;1.00;78.00;3561.00;13.50;81.00;19.50;7.45;14.87;13.92;0;1.19;2.82;76859.00;79.00;79.00;48.00;4267.80;932.24;859.36;6.00;1;0;1;0;0;1;0;0;0;0;0;1;1;0;0;0;0;0
296468;2.22;0.90;82.00;3530.00;13.50;81.00;38.25;8.24;19.86;14.02;0;4.51;2.58;76859.00;82.00;82.00;48.00;4497.40;932.20;195.31;6.00;1;0;1;0;0;1;0;0;0;0;0;1;1;0;0;0;0;0
297924;1.14;0.98;83.00;3599.00;13.50;81.00;41.25;3.14;9.56;14.02;2.32;0.35;2.58;76859.00;84.00;84.00;48.00;4503.00;932.20;878.90;6.00;1;0;1;0;0;1;0;0;0;0;0;1;1;0;0;0;0;0
299304;4.18;0.98;88.00;3772.00;13.50;81.00;30.75;20.39;30.59;13.92;0.04;2.36;2.82;76859.00;86.00;89.00;48.00;4547.20;932.20;683.59;6.00;1;0;1;0;0;1;0;0;0;0;0;1;1;0;0;0;0;0
300885;3.89;1.00;93.00;4039.00;13.50;81.00;32.25;19.22;30.26;14.02;0;0;2.58;76859.00;93.00;94.00;48.00;4503.40;932.20;878.90;6.00;1;0;1;0;0;1;0;0;0;0;0;1;1;0;0;0;0;0
302296;3.59;0.90;97.00;4150.00;13.50;81.00;32.25;19.61;30.86;14.02;0.90;0.35;2.58;76859.00;94.00;98.00;48.00;4521.20;932.24;898.43;6.00;1;0;1;0;0;1;0;0;0;0;0;1;1;0;0;0;0;0
303727;2.34;0.92;91.00;3847.00;13.50;81.00;40.50;9.41;20.42;14.02;2.56;3.03;2.58;76859.00;90.00;91.00;48.00;4501.00;932.36;820.30;6.00;1;0;1;0;0;1;0;0;0;0;0;1;1;0;0;0;0;0
305084;3.22;0.97;88.00;3770.00;13.50;81.00;35.25;15.30;25.71;14.02;0.29;0.57;2.58;76859.00;88.00;89.00;48.00;4526.20;932.32;175.78;6.00;1;0;1;0;0;1;0;0;0;0;0;1;1;0;0;0;0;0
306570;4.02;0.98;91.00;3879.00;13.50;81.00;30.75;21.18;31.81;13.92;1.76;0.29;2.82;76859.00;90.00;91.00;48.00;4523.20;932.36;742.18;6.00;1;0;1;0;0;1;0;0;0;0;0;1;1;0;0;0;0;0
308011;3.50;0.91;95.00;4019.00;13.50;81.00;33.75;18.83;29.79;13.92;2.70;0.61;2.82;76859.00;94.00;95.00;48.00;4506.60;932.24;898.43;6.00;1;0;1;0;0;1;0;0;0;0;0;1;1;0;0;0;0;0
309469;2.71;0.83;95.00;4053.00;13.50;81.00;37.50;14.12;25.12;13.92;1.31;2.50;2.82;76859.00;94.00;96.00;48.00;4496.60;932.24;664.05;6.00;1;0;1;0;0;1;0;0;0;0;0;1;1;0;0;0;0;0
310947;2.73;0.89;93.00;3978.00;13.50;81.00;38.25;13.33;24.28;14.02;2.25;0;2.58;76859.00;94.00;94.00;48.00;4507.00;932.20;800.77;6.00;1;0;1;0;0;1;0;0;0;0;0;1;1;0;0;0;0;0
312573;2.59;0.90;92.00;3919.00;13.50;81.00;39.00;11.37;22.88;13.83;0;0.49;2.82;76859.00;92.00;92.00;48.00;4528.80;932.20;39.06;6.00;1;0;1;0;0;1;0;0;0;0;0;1;1;0;0;0;0;0
314012;3.05;0.93;92.00;3910.00;13.50;81.00;36.75;15.30;25.70;14.02;0;0;2.58;76859.00;91.00;92.00;48.00;4533.60;932.20;781.24;6.00;1;0;1;0;0;1;0;0;0;0;0;1;1;0;0;0;0;0
315486;2.78;0.89;93.00;3972.00;13.50;81.00;37.50;13.73;24.65;13.92;2.89;1.45;2.82;76859.00;92.00;94.00;48.00;4512.00;932.20;761.71;6.00;1;0;1;0;0;1;0;0;0;0;0;1;1;0;0;0;0;0
317029;2.81;0.92;93.00;4002.00;13.50;81.00;38.25;12.55;23.93;14.02;0.02;0;2.58;76859.00;93.00;94.00;48.00;4511.40;932.20;507.81;6.00;1;0;1;0;0;1;0;0;0;0;0;1;1;0;0;0;0;0
318479;2.05;0.89;92.00;3949.00;13.50;81.00;42.75;7.84;18.61;13.92;0.35;1.15;2.82;76859.00;92.00;93.00;48.00;4498.80;932.08;253.90;6.00;1;0;1;0;0;1;0;0;0;0;0;1;1;0;0;0;0;0
320023;2.48;0.89;92.00;3897.00;13.50;81.00;41.25;9.81;20.66;14.02;2.58;1.80;2.58;76859.00;91.00;92.00;48.00;4523.60;932.12;859.36;6.00;1;0;1;0;0;1;0;0;0;0;0;1;1;0;0;0;0;0
321481;2.60;0.89;92.00;3931.00;13.50;81.00;39.00;11.77;23.16;13.92;1.87;0;2.82;76859.00;93.00;93.00;48.00;4512.40;932.08;800.77;6.00;1;0;1;0;0;1;0;0;0;0;0;1;1;0;0;0;0;0
323040;0.45;1.00;90.00;3807.00;13.50;81.75;-30.00;0;0;13.92;0.18;2.09;2.82;76859.00;90.00;90.00;48.00;4595.00;932.04;0;6.00;1;0;1;0;0;1;0;0;0;0;0;1;1;0;0;0;0;0
324523;0.54;1.00;77.00;3320.00;13.50;81.75;-30.00;0;0;13.92;0;0;2.82;76859.00;78.00;78.00;48.00;4576.80;932.12;0;6.00;1;0;1;0;0;1;0;0;0;0;0;1;1;0;0;0;0;0
325939;3.51;1.00;68.00;2911.00;13.50;81.75;3.00;8.63;14.52;14.02;3.28;2.23;2.58;76860.00;68.00;68.00;48.00;4447.60;932.16;19.53;6.00;1;0;1;0;0;1;0;0;0;0;0;1;1;0;0;0;0;0
327465;0.86;1.00;51.00;2352.00;13.50;81.00;15.00;0;12.18;14.02;6.86;2.64;2.58;76860.00;51.00;51.00;48.00;4265.60;932.16;19.53;5.00;1;0;1;0;0;1;0;0;1;0;0;1;1;0;0;0;0;0
328971;0.82;1.00;36.00;2148.00;13.50;81.00;15.00;0;12.31;14.11;12.50;11.52;2.58;76860.00;37.00;37.00;48.00;4492.00;932.24;19.53;3.00;1;0;1;0;0;1;0;0;1;0;0;1;1;0;0;0;0;0
330365;0.64;1.00;27.00;2269.00;13.50;81.00;17.25;0;12.28;14.02;35.99;48.86;2.58;76860.00;27.00;27.00;48.00;4496.80;932.71;39.06;3.00;1;0;1;0;0;1;0;0;1;0;0;1;1;0;0;0;0;0
331899;2.10;0.99;28.00;2283.00;13.50;81.00;21.75;3.92;16.50;14.11;10.25;16.97;2.58;76860.00;29.00;29.00;48.00;4492.00;933.14;898.43;2.00;1;0;1;0;0;1;0;0;1;0;0;1;1;0;0;0;0;0
333284;3.54;0.99;42.00;3288.00;13.50;81.00;30.00;15.30;28.45;14.02;1.84;3.01;2.58;76860.00;41.00;42.00;48.00;4519.20;933.29;859.36;2.00;1;0;1;0;0;1;0;0;1;0;0;1;1;0;0;0;0;0
334805;1.29;0.99;45.00;3477.00;13.50;81.00;39.75;3.14;10.60;13.92;6.80;0.16;2.82;76860.00;45.00;45.00;48.00;4515.60;933.33;898.43;2.00;1;0;1;0;0;1;0;0;0;0;0;1;1;0;0;0;0;0
336285;0.65;1.00;36.00;2736.00;13.50;81.00;-30.00;0;0;14.11;1.35;0.31;2.58;76860.00;36.00;35.00;48.00;4543.80;933.37;0;2.00;1;0;1;0;0;1;0;0;1;0;0;1;1;0;0;0;0;0
337804;2.34;0.99;30.00;2424.00;13.50;81.00;24.00;5.10;18.12;14.11;0.12;0.59;2.58;76860.00;30.00;30.00;48.00;4407.40;933.37;878.90;2.00;1;0;1;0;0;1;0;0;1;0;0;1;1;0;0;0;0;0
339176;3.69;1.00;38.00;3027.00;13.50;81.75;30.00;14.12;27.95;13.83;0;0;2.82;76860.00;38.00;39.00;48.00;4496.20;933.37;683.59;2.00;1;0;1;0;0;1;0;0;1;0;0;1;1;0;0;0;0;0
340642;6.32;1.00;51.00;3986.00;13.50;81.75;20.25;33.73;43.44;14.11;0.45;0.78;2.58;76860.00;50.00;52.00;48.00;4651.60;933.37;761.71;2.00;1;0;1;0;0;1;0;0;1;0;0;1;1;0;0;0;0;0
342027;5.04;1.00;63.00;3915.00;13.50;81.75;26.25;25.10;37.92;13.92;2.03;1.56;2.82;76860.00;63.00;64.00;48.00;4486.40;933.53;800.77;3.00;1;0;1;0;0;1;0;0;1;0;0;1;1;0;0;0;0;0
343534;5.22;1.00;73.00;4512.00;13.50;81.75;27.75;30.59;38.98;13.92;1.46;2.73;2.82;76860.00;72.00;74.00;48.00;4484.40;933.53;917.96;3.00;1;0;1;0;0;1;0;0;0;0;0;1;1;0;0;0;0;0
345000;7.22;1.00;81.00;4227.00;13.50;81.75;16.50;42.75;45.78;14.02;0.55;1.00;2.58;76860.00;80.00;82.00;48.00;4541.80;933.45;800.77;4.00;1;0;1;0;0;1;0;0;0;0;0;1;1;0;0;0;0;0
346408;6.68;0.98;91.00;4215.00;13.50;81.75;16.50;47.85;47.46;14.02;1.07;0;2.58;76860.00;90.00;91.00;48.00;4565.20;933.41;917.96;5.00;1;0;1;0;0;1;0;0;0;0;0;1;1;0;0;0;0;0
347863;5.61;0.97;97.00;4127.00;13.50;81.75;21.00;32.94;42.09;14.02;0.43;0.27;2.58;76860.00;95.00;97.00;48.00;4575.40;933.41;839.83;6.00;1;0;1;0;0;1;0;0;0;0;0;1;1;0;0;0;0;0
349133;4.28;0.96;102.00;4333.00;13.50;81.75;30.00;23.92;34.08;13.92;2.15;1.02;2.82;76860.00;101.00;103.00;48.00;4521.00;933.33;683.59;6.00;1;0;1;0;0;1;0;0;0;0;0;1;1;0;0;0;0;0
350706;3.31;0.92;105.00;4427.00;13.50;81.75;36.00;17.65;27.65;13.92;0.04;3.38;2.82;76860.00;104.00;105.00;48.00;4506.60;933.06;820.30;6.00;1;0;1;0;0;1;0;0;0;0;0;1;1;0;0;0;0;0
352212;2.82;0.92;106.00;4507.00;13.50;81.75;40.50;13.73;23.90;13.92;0;0.62;2.82;76860.00;105.00;106.00;48.00;4488.60;933.10;820.30;6.00;1;0;1;0;0;1;0;0;0;0;0;1;1;0;0;0;0;0
353642;2.40;0.92;106.00;4493.00;13.50;81.75;43.50;10.20;20.62;13.83;0;0;2.82;76860.00;105.00;106.00;48.00;4494.80;933.02;97.66;6.00;1;0;1;0;0;1;0;0;0;0;0;1;1;0;0;0;0;0
355126;1.48;0.88;105.00;4439.00;13.50;81.75;47.25;6.28;13.99;13.92;0.25;2.15;2.82;76860.00;105.00;105.00;48.00;4472.80;933.02;683.59;6.00;1;0;1;0;0;1;0;0;0;0;0;1;1;0;0;0;0;0
356683;1.27;0.87;102.00;4345.00;13.50;81.75;47.25;5.10;11.86;14.02;1.43;0;2.58;76860.00;102.00;102.00;48.00;4478.20;933.10;97.66;6.00;1;0;1;0;0;1;0;0;0;0;0;1;1;0;0;0;0;0
358222;1.62;0.88;101.00;4280.00;13.50;81.75;46.50;6.28;14.68;13.92;1.66;0.59;2.82;76860.00;100.00;101.00;48.00;4510.00;933.37;820.30;6.00;1;0;1;0;0;1;0;0;0;0;0;1;1;0;0;0;0;0
359794;1.29;0.85;100.00;4206.00;13.50;81.75;46.50;5.10;12.21;13.92;0.88;0.31;2.82;76860.00;99.00;100.00;48.00;4506.80;933.37;351.56;6.00;1;0;1;0;0;1;0;0;0;0;0;1;1;0;0;0;0;0
361256;2.97;0.98;100.00;4232.00;13.50;81.75;40.50;11.77;22.81;13.92;0;0;2.82;76860.00;98.00;100.00;48.00;4565.80;933.37;800.77;6.00;1;0;1;0;0;1;0;0;0;0;0;1;1;0;0;0;0;0
362753;2.18;0.99;101.00;4284.00;13.50;81.00;45.00;7.84;17.79;13.92;0.98;1.33;2.82;76860.00;100.00;101.00;48.00;4471.60;934.00;898.43;6.00;1;0;1;0;0;1;0;0;0;0;0;1;1;0;0;0;0;0
364272;0.50;0.93;97.00;4111.00;13.50;81.00;46.50;0.39;4.59;14.02;0.14;0;2.58;76860.00;97.00;97.00;48.00;4547.60;934.31;820.30;6.00;1;0;1;0;0;1;0;0;0;0;0;1;1;0;0;0;0;0
365715;0.50;1.00;91.00;3887.00;13.50;81.00;-30.00;0;0;13.83;0;1.19;2.82;76860.00;91.00;91.00;48.00;4548.60;934.50;0;6.00;1;0;1;0;0;1;0;0;0;0;0;1;1;0;0;0;0;0
367173;0.53;1.00;82.00;3473.00;13.50;81.00;-30.00;0;0;14.02;0.27;0.66;2.58;76860.00;81.00;82.00;48.00;4533.60;934.58;0;6.00;1;0;1;0;0;1;0;0;0;0;0;1;1;0;0;0;0;0
368698;2.35;1.00;75.00;3116.00;13.50;81.00;12.00;6.28;13.66;14.11;0;0;2.58;76860.00;75.00;76.00;48.00;4252.40;934.82;878.90;6.00;1;0;1;0;0;1;0;0;0;0;0;1;1;0;0;0;0;0
370183;3.19;1.00;82.00;3501.00;13.50;81.00;33.00;13.73;25.12;14.02;1.68;0;2.58;76860.00;82.00;83.00;48.00;4501.00;935.32;878.90;6.00;1;0;1;0;0;1;0;0;0;0;0;1;1;0;0;0;0;0
371657;0.66;1.00;87.00;3740.00;13.50;81.00;42.75;1.18;6.14;14.02;0;2.75;2.58;76860.00;87.00;88.00;48.00;4588.80;935.64;19.53;6.00;1;0;1;0;0;1;0;0;0;0;0;1;1;0;0;0;0;0
373091;1.94;1.00;86.00;3765.00;13.50;81.00;36.00;5.49;13.32;14.02;0.96;2.25;2.58;76860.00;86.00;86.00;48.00;4268.60;935.79;878.90;6.00;1;0;1;0;0;1;0;0;0;0;0;1;1;0;0;0;0;0
374585;7.73;1.00;93.00;3981.00;13.50;81.00;15.75;44.32;46.52;14.02;0.90;0.23;2.58;76861.00;91.00;94.00;48.00;4571.00;936.18;878.90;6.00;1;0;1;0;0;1;0;0;0;0;0;1;1;0;0;0;0;0
376091;5.45;1.00;101.00;4323.00;13.50;81.00;22.50;34.12;41.62;14.02;0;0.12;2.58;76861.00;100.00;102.00;48.00;4540.00;936.18;839.83;6.00;1;0;1;0;0;1;0;0;0;0;0;1;1;0;0;0;0;0
377711;4.73;0.98;103.00;4388.00;13.50;81.00;28.50;27.06;36.42;14.02;1.50;0.62;2.58;76861.00;101.00;104.00;48.00;4513.80;936.42;781.24;6.00;1;0;1;0;0;1;0;0;0;0;0;1;1;0;0;0;0;0
379149;3.90;0.96;102.00;4335.00;13.50;81.00;32.25;21.57;31.85;13.92;1.50;0.92;2.82;76861.00;101.00;103.00;48.00;4486.00;936.34;917.96;6.00;1;0;1;0;0;1;0;0;0;0;0;1;1;0;0;0;0;0
380650;0.86;0.98;95.00;4023.00;13.50;81.00;46.50;2.35;7.03;14.02;2.09;0;2.58;76861.00;95.00;95.00;48.00;4478.40;936.18;917.96;6.00;1;0;1;0;0;1;0;0;0;0;0;1;1;0;0;0;0;0
382089;1.36;0.99;86.00;4002.00;13.50;81.00;45.75;4.31;11.09;14.02;0;0;2.58;76861.00;86.00;87.00;48.00;4510.60;935.99;898.43;5.00;1;0;1;0;0;1;0;0;0;0;0;1;1;0;0;0;0;0
383606;1.96;0.92;80.00;3709.00;13.50;81.00;42.00;6.67;17.29;14.02;0;1.76;2.58;76861.00;80.00;81.00;48.00;4501.20;935.95;722.65;5.00;1;0;1;0;0;1;0;0;0;0;0;1;1;0;0;0;0;0
385038;3.10;0.96;78.00;3586.00;13.50;81.00;33.75;14.51;25.51;13.92;1.95;0.04;2.82;76861.00;78.00;78.00;48.00;4516.00;935.83;859.36;5.00;1;0;1;0;0;1;0;0;0;0;0;1;1;0;0;0;0;0
386424;0.83;1.00;75.00;3450.00;13.50;81.00;39.75;2.75;9.81;14.02;1.35;0;2.58;76861.00;75.00;75.00;48.00;4595.80;935.52;19.53;5.00;1;0;1;0;0;1;0;0;0;0;0;1;1;0;0;0;0;0
387868;0.64;1.00;63.00;2926.00;13.50;81.75;-30.00;0;0;14.02;0.68;0.68;2.58;76861.00;64.00;64.00;48.00;4608.20;935.29;19.53;5.00;1;0;1;0;0;1;0;0;0;0;0;1;1;0;0;0;0;0
389240;0;1.00;57.00;3079.00;13.50;81.75;39.75;0;13.42;14.02;1.46;3.22;2.58;76861.00;58.00;58.00;48.00;4566.80;934.89;214.84;5.00;1;0;1;0;0;1;0;0;1;0;0;1;1;0;0;0;0;0
390783;2.75;0.96;52.00;2727.00;13.50;81.75;29.25;7.84;22.51;14.11;1.19;0.94;2.58;76861.00;52.00;52.00;48.00;4417.80;934.74;800.77;4.00;1;0;1;0;0;1;0;0;1;0;0;1;1;0;0;0;0;0
392196;2.90;0.94;50.00;2650.00;13.50;81.75;27.75;8.63;23.62;14.02;0.08;0;2.58;76861.00;51.00;51.00;48.00;4490.20;934.70;722.65;4.00;1;0;1;0;0;1;0;0;1;0;0;1;1;0;0;0;0;0
393751;3.19;0.98;52.00;2724.00;13.50;81.75;27.75;11.77;26.57;14.02;2.13;3.28;2.58;76861.00;52.00;53.00;48.00;4517.20;934.43;664.05;4.00;1;0;1;0;0;1;0;0;1;0;0;1;1;0;0;0;0;0
395230;2.21;0.95;51.00;2678.00;13.50;81.75;29.25;5.88;18.80;14.11;0.21;1.05;2.58;76861.00;52.00;52.00;48.00;4504.00;934.11;859.36;4.00;1;0;1;0;0;1;0;0;1;0;0;1;1;0;0;0;0;0
396780;2.81;0.95;50.00;2646.00;13.50;81.75;27.75;8.63;23.30;14.02;0.90;0;2.58;76861.00;50.00;51.00;48.00;4506.20;933.76;253.90;4.00;1;0;1;0;0;1;0;0;1;0;0;1;1;0;0;0;0;0
398263;2.16;0.97;48.00;2525.00;13.50;82.50;26.25;5.10;17.65;14.11;0;0;2.58;76861.00;48.00;48.00;48.00;4524.00;933.53;859.36;4.00;1;0;1;0;0;1;0;0;1;0;0;1;1;0;0;0;0;0
399765;1.02;1.00;43.00;2414.00;13.50;82.50;25.50;0.39;11.98;14.02;0;1.31;2.58;76861.00;43.00;43.00;48.00;4394.00;933.45;898.43;3.00;1;0;1;0;0;1;0;0;1;0;0;1;1;0;0;0;0;0
401200;1.94;0.98;38.00;2410.00;13.50;82.50;24.75;3.92;15.55;14.02;1.02;0.16;2.58;76861.00;39.00;39.00;48.00;4495.20;933.41;820.30;3.00;1;0;1;0;0;1;0;0;1;0;0;1;1;0;0;0;0;0
402689;2.30;0.97;37.00;2307.00;13.50;82.50;23.25;4.71;17.62;14.02;0.06;0;2.58;76861.00;38.00;37.00;48.00;4489.40;933.41;878.90;3.00;1;0;1;0;0;1;0;0;1;0;0;1;1;0;0;0;0;0
404271;2.33;1.00;40.00;2495.00;13.50;83.25;25.50;6.28;20.05;14.02;95.07;51.48;2.58;76861.00;40.00;41.00;47.00;4553.80;933.02;820.30;3.00;1;0;1;0;0;1;0;0;1;0;0;1;1;0;0;0;0;0
405789;2.90;0.97;41.00;2525.00;13.50;83.25;26.25;9.02;24.01;14.02;196.32;193.03;2.58;76861.00;41.00;41.00;47.00;4517.60;932.79;742.18;3.00;1;0;1;0;0;1;0;0;1;0;0;1;1;0;0;0;0;0
407372;2.89;0.99;42.00;2642.00;13.50;83.25;27.75;8.63;23.42;14.21;280.20;306.31;2.58;76861.00;42.00;43.00;47.00;4499.80;932.39;820.30;3.00;1;0;1;0;0;1;0;0;1;0;0;1;1;0;0;0;0;0
408829;1.94;0.95;42.00;2600.00;13.50;83.25;27.75;4.71;16.69;14.02;212.84;301.64;2.58;76861.00;43.00;43.00;47.00;4525.00;932.28;332.03;3.00;1;0;1;0;0;1;0;0;1;0;0;1;1;0;0;0;0;0
410175;1.20;0.99;41.00;2428.00;13.50;83.25;24.75;1.57;9.96;14.11;180.55;254.26;2.58;76861.00;41.00;41.00;47.00;4559.80;932.24;898.43;3.00;1;0;1;0;0;1;0;0;1;0;0;1;1;0;0;0;0;0
411628;1.71;0.95;36.00;2192.00;13.50;83.25;21.00;2.75;13.93;14.11;218.85;232.70;2.58;76861.00;36.00;36.00;47.00;4509.40;932.20;117.19;3.00;1;0;1;0;0;1;0;0;1;0;0;1;1;0;0;0;0;0
413140;2.41;0.98;36.00;2197.00;13.50;83.25;21.00;5.10;18.50;14.11;308.98;331.78;2.58;76861.00;36.00;36.00;47.00;4506.20;932.20;839.83;3.00;1;0;1;0;0;1;0;0;1;0;0;1;1;0;0;0;0;0
414567;2.94;0.94;37.00;2291.00;13.50;83.25;22.50;8.63;24.08;14.11;338.34;347.07;2.58;76861.00;36.00;38.00;47.00;4463.00;932.20;97.66;3.00;1;0;1;0;0;1;0;0;1;0;0;1;1;0;0;0;0;0
416047;3.79;0.97;42.00;2578.00;13.50;83.25;24.00;16.47;30.73;14.02;219.46;286.62;2.58;76861.00;41.00;42.00;47.00;4499.80;932.16;234.37;3.00;1;0;1;0;0;1;0;0;1;0;0;1;1;0;0;0;0;0
417504;2.35;0.96;43.00;2702.00;13.50;83.25;29.25;6.67;20.48;14.02;246.53;341.35;2.58;76861.00;44.00;44.00;47.00;4518.40;931.77;703.12;3.00;1;0;1;0;0;1;0;0;1;0;0;1;1;0;0;0;0;0
419046;2.20;0.94;45.00;2771.00;13.50;83.25;30.75;6.28;19.02;14.11;331.89;351.87;2.58;76861.00;45.00;45.00;47.00;4512.20;931.73;800.77;3.00;1;0;1;0;0;1;0;0;1;0;0;1;1;0;0;0;0;0
420406;3.25;0.97;47.00;2919.00;13.50;82.50;30.00;12.55;26.71;14.02;110.87;106.32;2.58;76861.00;47.00;48.00;48.00;4511.00;931.50;97.66;3.00;1;0;1;0;0;1;0;0;1;0;0;1;1;0;0;0;0;0
421949;3.75;1.00;51.00;3156.00;13.50;82.50;31.50;13.73;27.08;14.02;16.17;14.20;2.58;76861.00;51.00;51.00;48.00;4524.20;931.14;800.77;3.00;1;0;1;0;0;1;0;0;1;0;0;1;1;0;0;0;0;0
423382;1.39;0.97;51.00;3115.00;13.50;82.50;36.00;3.53;11.82;14.11;3.52;1.56;2.58;76861.00;51.00;51.00;48.00;4493.40;931.03;859.36;3.00;1;0;1;0;0;1;0;0;1;0;0;1;1;0;0;0;0;0
424886;2.93;0.95;52.00;3208.00;13.50;82.50;33.00;10.98;24.75;14.11;2.38;1.04;2.58;76861.00;52.00;53.00;48.00;4519.80;930.99;878.90;3.00;1;0;1;0;0;1;0;0;1;0;0;1;1;0;0;0;0;0
426262;6.08;1.00;58.00;3580.00;13.50;81.75;18.00;31.77;41.28;14.11;0.82;2.09;2.58;76861.00;57.00;59.00;48.00;4580.40;930.95;839.83;3.00;1;0;1;0;0;1;0;0;1;0;0;1;1;0;0;0;0;0
427771;5.20;0.98;72.00;4399.00;13.50;81.75;25.50;31.38;40.40;13.92;2.40;0;2.82;76861.00;71.00;72.00;48.00;4579.60;930.87;410.15;3.00;1;0;1;0;0;1;0;0;0;0;0;1;1;0;0;0;0;0
429288;6.67;1.00;80.00;4127.00;13.50;81.00;18.00;38.83;44.77;14.02;2.71;0;2.58;76861.00;78.00;80.00;48.00;4560.00;930.60;820.30;4.00;1;0;1;0;0;1;0;0;0;0;0;1;1;0;0;0;0;0
430796;3.99;1.00;88.00;4608.00;13.50;81.00;33.00;24.32;32.04;13.92;1.35;1.27;2.82;76861.00;88.00;89.00;48.00;4520.00;930.32;78.12;4.00;1;0;1;0;0;1;0;0;0;0;0;1;1;0;0;0;0;0
432187;2.71;0.96;92.00;4799.00;13.50;81.00;43.50;13.33;22.20;13.92;0.47;3.24;2.82;76861.00;92.00;93.00;48.00;4479.60;930.01;175.78;4.00;1;0;1;0;0;1;0;0;0;0;0;1;1;0;0;0;0;0
433693;0.34;1.00;91.00;4406.00;13.50;80.25;42.00;0;4.05;13.92;0;0;2.82;76862.00;91.00;92.00;49.00;4402.20;929.82;878.90;4.00;1;0;1;0;0;1;0;0;0;0;0;1;1;0;0;0;0;0
435240;0.91;0.91;88.00;4062.00;13.50;80.25;46.50;2.75;8.10;14.02;1.58;1.00;2.58;76862.00;88.00;88.00;49.00;4494.00;929.74;859.36;5.00;1;0;1;0;0;1;0;0;0;0;0;1;1;0;0;0;0;0
436737;0.86;0.86;81.00;3762.00;13.50;80.25;42.75;2.35;7.92;14.11;0.66;2.87;2.58;76862.00;81.00;82.00;49.00;4547.40;929.70;58.59;5.00;1;0;1;0;0;1;0;0;0;0;0;1;1;0;0;0;0;0
438228;1.48;0.88;73.00;3486.00;13.50;80.25;39.75;5.10;13.04;14.02;2.11;0.10;2.58;76862.00;74.00;73.00;49.00;4471.20;929.70;898.43;5.00;1;0;1;0;0;1;0;0;0;0;0;1;1;0;0;0;0;0
439824;2.79;1.00;77.00;3514.00;13.50;80.25;36.00;11.37;23.36;14.11;0.66;0;2.58;76862.00;76.00;77.00;49.00;4512.60;929.70;878.90;5.00;1;0;1;0;0;1;0;0;0;0;0;1;1;0;0;0;0;0
441283;0.56;1.00;71.00;3275.00;13.50;80.25;-30.00;0;0;14.02;0.23;0.61;2.58;76862.00;70.00;71.00;49.00;4626.40;929.70;0;5.00;1;0;1;0;0;1;0;0;0;0;0;1;1;0;0;0;0;0
442798;0.67;1.00;63.00;2913.00;13.50;80.25;-30.00;0;0;14.02;0.61;0;2.58;76862.00;64.00;64.00;49.00;4244.60;929.70;0;5.00;1;0;1;0;0;1;0;0;0;0;0;1;1;0;0;0;0;0
444211;3.05;1.00;58.00;3373.00;13.50;81.00;35.25;9.02;19.82;14.02;0;0;2.58;76862.00;59.00;59.00;48.00;4207.40;929.70;859.36;4.00;1;0;1;0;0;1;0;0;0;0;0;1;1;0;0;0;0;0
445699;4.70;1.04;67.00;3525.00;13.50;81.00;27.00;21.57;31.89;14.02;0;0.23;2.58;76862.00;67.00;67.00;48.00;4521.00;929.70;761.71;4.00;1;0;1;0;0;1;0;0;0;0;0;1;1;0;0;0;0;0
447207;6.04;0.97;78.00;4089.00;13.50;81.00;18.00;38.44;44.55;13.92;2.44;0.59;2.82;76862.00;77.00;79.00;48.00;4537.40;929.66;878.90;4.00;0;0;1;0;0;1;0;0;0;0;0;1;1;0;0;0;0;0
448751;3.90;0.90;86.00;3985.00;13.50;81.00;30.00;22.36;33.03;13.92;0.70;1.35;2.82;76862.00;85.00;86.00;48.00;4540.20;929.66;898.43;5.00;1;0;1;0;0;1;0;0;0;0;0;1;1;0;0;0;0;0
450207;0;1.00;91.00;3989.00;12.75;81.00;42.00;0;4.12;14.02;0;1.93;2.58;76862.00;90.00;91.00;48.00;4392.80;929.66;859.36;5.00;1;0;1;0;0;1;0;0;0;0;0;1;1;0;0;0;0;0
451699;4.38;0.91;98.00;4198.00;12.75;81.00;27.00;25.89;36.93;14.02;0.10;0.16;2.58;76862.00;97.00;98.00;48.00;4579.60;929.66;781.24;6.00;1;0;1;0;0;1;0;0;0;0;0;1;1;0;0;0;0;0
453226;3.62;0.95;105.00;4434.00;12.75;81.00;34.50;20.39;29.41;14.02;0.62;2.48;2.58;76862.00;104.00;105.00;48.00;4527.60;929.58;761.71;6.00;1;0;1;0;0;1;0;0;0;0;0;1;1;0;0;0;0;0
454810;2.90;0.93;108.00;4566.00;12.75;81.75;40.50;14.51;24.36;14.02;1.46;0.27;2.58;76862.00;108.00;108.00;48.00;4502.00;929.86;761.71;6.00;1;0;1;0;0;1;0;0;0;0;0;1;1;0;0;0;0;0
456297;1.66;0.89;108.00;4613.00;12.75;81.75;48.00;7.06;15.24;14.02;0.66;0.20;2.58;76862.00;108.00;109.00;48.00;4449.00;929.93;878.90;6.00;0;0;0;0;0;1;0;0;0;0;0;1;1;0;0;0;0;0
457726;0.79;1.01;106.00;4481.00;12.75;81.75;48.00;1.96;6.28;14.02;1.02;1.66;2.58;76862.00;106.00;106.00;48.00;4492.00;930.13;917.96;6.00;1;0;1;0;0;1;0;0;0;0;0;1;1;0;0;0;0;0
459203;1.41;0.97;102.00;4476.00;12.75;81.75;48.00;5.10;11.55;14.02;0;4.00;2.58;76862.00;103.00;103.00;48.00;4482.00;930.48;878.90;6.00;1;0;1;0;0;1;0;0;0;0;0;1;1;0;0;0;0;0
460676;0.50;1.00;101.00;4254.00;12.75;81.75;-30.00;0;0;13.83;4.04;2.99;2.82;76862.00;101.00;101.00;48.00;4267.40;930.83;898.43;6.00;0;0;1;0;0;1;0;0;0;0;0;1;1;0;0;0;0;0
462215;2.72;0.94;103.00;4393.00;12.75;81.75;40.50;12.55;23.27;13.83;0.53;0;2.82;76862.00;103.00;104.00;48.00;4507.40;931.18;703.12;6.00;1;0;1;0;0;1;0;0;0;0;0;1;1;0;0;0;0;0
463720;2.88;0.97;106.00;4464.00;12.75;81.75;41.25;13.33;23.39;14.02;1.31;0;2.58;76862.00;106.00;106.00;48.00;4533.80;931.42;78.12;6.00;1;0;1;0;0;1;0;0;0;0;0;1;1;0;0;0;0;0
465160;2.75;0.93;106.00;4518.00;12.75;81.75;41.25;13.73;23.54;14.02;0.35;0.06;2.58;76862.00;107.00;107.00;48.00;4518.40;931.97;332.03;6.00;1;0;1;0;0;1;0;0;0;0;0;1;1;0;0;0;0;0
466659;3.94;1.06;107.00;4551.00;12.75;81.75;36.00;20.00;28.85;13.92;1.46;0.90;2.82;76862.00;106.00;107.00;48.00;4533.60;932.28;683.59;6.00;1;0;1;0;0;1;0;0;0;0;0;1;1;0;0;0;0;0
468103;3.16;0.96;107.00;4568.00;12.75;81.00;39.00;16.08;25.60;14.02;0.21;0.31;2.58;76862.00;106.00;108.00;48.00;4484.20;932.51;605.46;6.00;1;0;1;0;0;1;0;0;0;0;0;1;1;0;0;0;0;0
469564;2.48;0.91;106.00;4489.00;12.75;81.00;42.75;10.98;21.55;14.02;0;0.61;2.58;76862.00;106.00;106.00;48.00;4491.00;932.63;781.24;6.00;1;0;1;0;0;1;0;0;0;0;0;1;1;0;0;0;0;0
471096;2.59;1.00;105.00;4412.00;12.75;81.00;43.50;10.20;20.46;13.92;0.64;2.38;2.82;76862.00;104.00;105.00;48.00;4496.60;932.67;839.83;6.00;1;0;1;0;0;1;0;0;0;0;0;1;1;0;0;0;0;0
472562;1.35;0.88;102.00;4357.00;12.75;81.00;47.25;5.49;13.33;13.92;0;3.07;2.82;76863.00;102.00;103.00;48.00;4484.20;932.71;878.90;6.00;1;0;1;0;0;1;0;0;0;0;0;1;1;0;0;0;0;0
473994;1.13;1.00;96.00;4142.00;12.75;81.00;36.00;3.14;7.22;14.02;0.20;0.10;2.58;76863.00;97.00;97.00;48.00;4230.40;932.79;878.90;6.00;1;0;1;0;0;1;0;0;0;0;0;1;1;0;0;0;0;0
475399;2.52;0.97;95.00;4000.00;12.75;81.00;41.25;9.41;20.52;13.92;0;0.72;2.82;76863.00;94.00;95.00;48.00;4504.40;933.18;839.83;6.00;1;0;1;0;0;1;0;0;0;0;0;1;1;0;0;0;0;0
476877;4.93;1.00;96.00;4105.00;12.75;81.00;28.50;23.92;34.92;13.92;1.29;0.47;2.82;76863.00;96.00;97.00;48.00;4623.40;933.29;664.05;6.00;1;0;1;0;0;1;0;0;0;0;0;1;1;0;0;0;0;0
478438;2.86;0.99;101.00;4295.00;12.75;81.00;40.50;12.16;23.07;14.02;1.27;2.42;2.58;76863.00;100.00;102.00;48.00;4469.40;933.33;859.36;6.00;1;0;1;0;0;1;0;0;0;0;0;1;1;0;0;0;0;0
480016;2.16;0.87;101.00;4289.00;12.75;81.00;43.50;9.41;19.77;14.02;0.18;0.20;2.58;76863.00;100.00;101.00;48.00;4504.40;933.37;781.24;6.00;1;0;1;0;0;1;0;0;0;0;0;1;1;0;0;0;0;0
481363;1.93;0.92;101.00;4269.00;12.75;81.00;45.75;7.45;16.89;13.92;1.07;0;2.82;76863.00;100.00;101.00;48.00;4502.80;933.37;664.05;6.00;1;0;1;0;0;1;0;0;0;0;0;1;1;0;0;0;0;0
482741;2.57;0.88;101.00;4306.00;12.75;81.00;41.25;11.37;21.92;13.92;0.35;0.41;2.82;76863.00;100.00;102.00;48.00;4574.80;933.45;859.36;6.00;1;0;1;0;0;1;0;0;0;0;0;1;1;0;0;0;0;0
484239;3.48;0.99;103.00;4396.00;12.75;81.00;36.75;17.26;27.28;14.02;0.29;0.84;2.58;76863.00;102.00;104.00;48.00;4541.20;933.72;722.65;6.00;1;0;1;0;0;1;0;0;0;0;0;1;1;0;0;0;0;0
485732;2.50;1.00;106.00;4476.00;12.75;81.75;43.50;9.81;20.04;14.02;0;0.18;2.58;76863.00;105.00;106.00;48.00;4461.60;933.88;839.83;6.00;1;0;1;0;0;1;0;0;0;0;0;1;1;0;0;0;0;0
487222;3.49;1.03;107.00;4533.00;12.75;81.75;38.25;16.86;26.31;13.92;1.66;0;2.82;76863.00;106.00;107.00;48.00;4549.20;933.96;820.30;6.00;1;0;1;0;0;1;0;0;0;0;0;1;1;0;0;0;0;0
488688;2.79;0.95;107.00;4575.00;12.75;81.75;42.00;12.94;22.99;14.02;0;1.19;2.58;76863.00;107.00;108.00;48.00;4529.00;934.23;703.12;6.00;1;0;1;0;0;1;0;0;0;0;0;1;1;0;0;0;0;0
490232;2.88;0.89;105.00;4474.00;12.75;81.75;39.75;14.51;24.52;13.92;1.48;2.83;2.82;76863.00;105.00;106.00;48.00;4540.00;934.54;97.66;6.00;1;0;1;0;0;1;0;0;0;0;0;1;1;0;0;0;0;0
491730;2.68;0.95;105.00;4475.00;12.75;81.75;42.00;11.77;22.37;14.02;0.02;1.52;2.58;76863.00;104.00;105.00;48.00;4469.00;934.78;605.46;6.00;1;0;1;0;0;1;0;0;0;0;0;1;1;0;0;0;0;0
493242;2.61;0.93;105.00;4437.00;12.75;81.75;42.00;11.77;22.15;14.02;1.31;0.21;2.58;76863.00;103.00;105.00;48.00;4524.40;934.86;820.30;6.00;1;0;1;0;0;1;0;0;0;0;0;1;1;0;0;0;0;0
494767;3.67;1.00;105.00;4414.00;12.75;81.75;36.00;18.43;28.31;14.02;2.03;0.29;2.58;76863.00;102.00;105.00;48.00;4494.80;934.93;781.24;6.00;1;0;1;0;0;1;0;0;0;0;0;1;1;0;0;0;0;0
496248;2.52;0.94;103.00;4373.00;12.75;81.75;42.75;10.20;20.92;13.92;0;2.68;2.82;76863.00;102.00;103.00;48.00;4478.80;934.93;781.24;6.00;1;0;1;0;0;1;0;0;0;0;0;1;1;0;0;0;0;0
497734;3.54;0.97;102.00;4319.00;12.75;81.75;36.00;18.04;28.17;14.02;0;0.94;2.58;76863.00;101.00;102.00;48.00;4562.60;934.97;742.18;6.00;1;0;1;0;0;1;0;0;0;0;0;1;1;0;0;0;0;0
499221;3.34;0.95;102.00;4355.00;12.75;81.75;36.75;16.47;26.90;14.02;0.64;1.74;2.58;76863.00;102.00;103.00;48.00;4545.40;934.93;527.34;6.00;1;0;1;0;0;1;0;0;0;0;0;1;1;0;0;0;0;0
500703;4.06;1.02;105.00;4412.00;12.75;81.75;33.75;20.79;30.27;14.02;0.23;0;2.58;76863.00;104.00;105.00;48.00;4525.00;935.01;859.36;6.00;1;0;1;0;0;1;0;0;0;0;0;1;1;0;0;0;0;0
502243;3.05;0.90;105.00;4455.00;12.00;81.75;38.25;15.69;25.67;14.02;1.76;1.35;2.58;76863.00;104.00;105.00;48.00;4529.40;934.97;781.24;6.00;1;0;1;0;0;1;0;0;0;0;0;1;1;0;0;0;0;0
503718;3.04;0.94;106.00;4480.00;12.00;81.75;39.00;15.69;25.35;14.02;0;0;2.58;76863.00;105.00;106.00;48.00;4523.40;934.97;800.77;6.00;1;0;1;0;0;1;0;0;0;0;0;1;1;0;0;0;0;0
505147;3.16;0.96;106.00;4469.00;12.00;81.75;38.25;15.69;25.51;14.02;0.14;0;2.58;76863.00;105.00;106.00;48.00;4519.80;934.97;683.59;6.00;1;0;1;0;0;1;0;0;0;0;0;1;1;0;0;0;0;0
506491;3.26;0.96;106.00;4465.00;12.00;81.75;37.50;16.47;26.31;13.92;0.33;2.07;2.82;76863.00;105.00;106.00;48.00;4521.80;935.01;839.83;6.00;1;0;1;0;0;1;0;0;0;0;0;1;1;0;0;0;0;0
507987;2.66;0.92;105.00;4478.00;12.00;81.75;41.25;12.16;22.70;14.02;2.17;1.35;2.58;76864.00;105.00;106.00;48.00;4483.40;934.97;761.71;6.00;1;0;1;0;0;1;0;0;0;0;0;1;1;0;0;0;0;0
509447;2.16;0.88;102.00;4364.00;12.00;81.75;44.25;9.02;19.43;14.02;0;0;2.58;76864.00;102.00;103.00;48.00;4510.40;935.01;253.90;6.00;1;0;1;0;0;1;0;0;0;0;0;1;1;0;0;0;0;0
510889;2.56;0.86;101.00;4280.00;12.00;82.50;40.50;12.16;23.16;14.02;0.68;0;2.58;76864.00;100.00;101.00;48.00;4543.20;934.86;781.24;6.00;1;0;1;0;0;1;0;0;0;0;0;1;1;0;0;0;0;0
512409;2.42;0.88;100.00;4241.00;12.00;82.50;41.25;10.59;21.69;14.02;3.61;1.87;2.58;76864.00;99.00;100.00;48.00;4506.60;934.74;878.90;6.00;1;0;1;0;0;1;0;0;0;0;0;1;1;0;0;0;0;0
513856;2.64;1.00;96.00;4083.00;12.00;82.50;42.75;9.02;19.86;14.02;3.81;1.27;2.58;76864.00;95.00;96.00;48.00;4533.80;934.70;859.36;6.00;1;0;1;0;0;1;0;0;0;0;0;1;1;0;0;0;0;0
515353;1.72;0.83;95.00;4034.00;12.00;82.50;45.00;7.06;16.80;14.02;1.52;0.16;2.58;76864.00;94.00;95.00;48.00;4499.20;934.66;781.24;6.00;1;0;1;0;0;1;0;0;0;0;0;1;1;0;0;0;0;0
516839;1.66;0.87;92.00;3914.00;12.00;82.50;44.25;6.28;15.63;14.02;1.76;0;2.58;76864.00;92.00;92.00;48.00;4513.40;934.66;839.83;6.00;1;0;1;0;0;1;0;0;0;0;0;1;1;0;0;0;0;0
518320;2.51;0.91;91.00;3882.00;12.00;82.50;39.00;10.98;22.05;14.11;1.80;2.21;2.58;76864.00;90.00;91.00;48.00;4515.60;934.66;234.37;6.00;1;0;1;0;0;1;0;0;0;0;0;1;1;0;0;0;0;0
519829;3.01;0.91;92.00;3886.00;12.00;82.50;36.00;15.30;26.00;14.11;1.05;1.60;2.58;76864.00;91.00;92.00;48.00;4521.80;934.66;761.71;6.00;1;0;1;0;0;1;0;0;0;0;0;1;1;0;0;0;0;0
521312;1.50;0.98;90.00;3813.00;12.00;82.50;43.50;4.71;12.52;14.02;0.96;0;2.58;76864.00;90.00;90.00;48.00;4510.00;934.66;878.90;6.00;1;0;1;0;0;1;0;0;0;0;0;1;1;0;0;0;0;0
522797;0.52;0.92;86.00;3655.00;12.00;82.50;41.25;0.78;5.00;13.92;0;1.50;2.82;76864.00;86.00;86.00;48.00;4529.00;934.70;683.59;6.00;1;0;1;0;0;1;0;0;0;0;0;1;1;0;0;0;0;0
524293;0.58;1.00;78.00;3279.00;12.00;82.50;-30.00;0;0;14.02;1.31;1.35;2.58;76864.00;78.00;78.00;48.00;4546.20;934.74;0;6.00;1;0;1;0;0;1;0;0;0;0;0;1;1;0;0;0;0;0
525810;0.64;1.00;68.00;2923.00;12.00;82.50;-30.00;0;0;14.02;3.05;2.64;2.58;76864.00;68.00;69.00;48.00;4586.00;934.74;0;6.00;1;0;1;0;0;1;0;0;0;0;0;1;1;0;0;0;0;0
527273;0.71;1.00;60.00;2716.00;12.00;82.50;24.75;0;12.14;14.11;3.96;8.96;2.58;76864.00;60.00;59.00;48.00;4303.80;934.78;859.36;5.00;1;0;1;0;0;1;0;0;1;0;0;1;1;0;0;0;0;0
528818;1.55;1.00;43.00;2069.00;12.00;82.50;15.75;1.18;10.58;14.11;52.32;56.54;2.58;76864.00;44.00;43.00;48.00;4538.40;935.01;800.77;4.00;1;0;1;0;0;1;0;0;1;0;0;1;1;0;0;0;0;0
530305;0.80;1.00;33.00;2651.00;12.00;82.50;17.25;0;12.13;14.02;143.00;57.48;2.58;76864.00;33.00;33.00;47.00;4477.80;935.13;683.59;2.00;1;0;1;0;0;1;0;0;1;0;0;1;1;0;0;0;0;0
531819;0.92;1.00;26.00;2033.00;12.00;82.50;14.25;0;12.00;14.11;77.69;33.38;2.58;76864.00;26.00;26.00;45.00;4514.00;935.25;58.59;2.00;1;0;1;0;0;1;0;0;1;0;0;1;1;0;0;0;0;0
533257;1.12;0.99;20.00;1589.00;12.00;82.50;15.00;0;12.04;14.30;33.79;19.08;2.58;76864.00;20.00;20.00;44.00;4479.20;935.52;878.90;2.00;1;0;1;0;0;1;0;0;1;0;0;1;1;0;0;1;0;0
534783;1.35;0.95;16.00;1257.00;12.75;82.50;15.00;0;12.13;14.39;12.99;9.49;2.31;76864.00;16.00;16.00;45.00;4511.00;935.72;195.31;0;1;0;1;0;0;1;0;0;1;0;0;1;1;0;0;1;0;0
536224;1.26;0.97;12.00;1282.00;12.75;82.50;13.50;0;11.90;14.39;9.02;4.41;2.31;76864.00;13.00;12.00;45.00;4520.20;935.75;78.12;0;1;0;1;0;0;1;0;0;1;0;0;1;1;0;0;1;0;0
537587;1.32;0.96;8.00;1317.00;12.75;82.50;12.75;0;11.73;14.30;3.75;1.80;2.58;76864.00;9.00;9.00;45.00;4520.60;935.83;800.77;0;1;0;1;0;0;1;0;0;1;0;0;1;1;0;0;1;0;0
539058;1.34;0.96;0;1288.00;12.75;82.50;12.75;0;11.72;14.21;1.60;0.70;2.58;76864.00;0;0;44.00;4515.60;935.87;39.06;0;1;0;1;0;0;1;0;0;1;0;0;1;1;0;0;1;0;0
540460;1.26;1.00;0;1238.00;12.75;83.25;14.25;0;11.90;14.39;16.27;10.55;2.31;76864.00;0;0;43.00;4513.60;935.87;39.06;0;1;0;1;0;0;1;0;0;1;0;0;1;1;0;0;1;0;0
542045;1.27;1.05;0;1287.00;12.75;83.25;12.00;0;11.37;14.39;112.18;168.66;2.31;76864.00;0;0;42.00;4517.60;935.87;58.59;0;1;0;1;0;0;1;0;0;1;0;0;0;1;0;0;1;0;0
543507;1.30;1.05;0;1275.00;12.75;83.25;12.75;0;11.47;14.30;130.15;207.66;2.58;76864.00;0;0;42.00;4510.80;935.87;859.36;0;1;0;1;0;0;1;0;0;1;0;0;1;1;0;0;1;0;0
545021;1.24;1.00;0;1246.00;12.75;83.25;15.00;0;11.71;14.39;78.41;118.63;2.31;76864.00;0;0;41.00;4523.60;935.87;683.59;0;1;0;1;0;0;1;0;0;1;0;0;1;1;0;0;1;0;0
546369;1.38;1.01;0;1210.00;12.75;84.00;18.00;0;12.29;14.30;59.45;99.74;2.58;76864.00;0;0;43.00;4506.40;935.87;78.12;0;0;1;0;0;0;1;0;0;1;0;0;1;1;0;0;1;0;0
547804;1.26;1.01;0;1231.00;12.75;84.00;16.50;0;12.00;14.30;65.56;103.61;2.58;76864.00;0;0;41.00;4525.40;935.87;664.05;0;0;1;0;0;0;1;0;0;1;0;0;1;1;0;0;1;0;0
549318;1.32;0.97;0;1206.00;12.75;84.00;18.00;0;12.25;14.39;42.34;57.55;2.31;76864.00;0;0;42.00;4509.60;935.87;39.06;0;0;1;0;0;0;1;0;0;1;0;0;1;1;0;0;1;0;0
550796;1.22;1.01;0;1324.00;12.75;84.00;11.25;0;11.04;14.30;93.00;54.88;2.58;76864.00;0;0;42.00;4508.60;935.87;39.06;0;0;1;0;0;0;1;0;0;1;0;0;1;1;0;0;1;0;0
